189 318
192 352
198 385
204 417
215 447
232 472
254 492
278 508
304 514
331 508
358 493
381 471
398 444
408 410
412 376
415 341
415 307
205 288
218 273
237 270
256 272
273 281
311 281
331 272
351 270
370 271
387 282
295 314
295 336
295 358
296 380
280 401
289 404
299 407
308 404
318 400
225 316
237 307
253 308
267 322
252 325
236 324
328 321
338 306
354 304
367 312
357 322
341 323
265 440
278 432
290 426
299 429
308 427
321 433
339 440
322 452
309 458
300 460
290 458
278 454
272 441
290 439
300 441
308 440
332 440
308 442
299 443
289 442
