163 320
167 355
174 389
180 422
190 453
210 479
236 499
266 515
296 519
326 514
352 498
375 478
391 451
400 419
407 386
414 353
416 319
197 286
213 272
236 266
258 269
279 278
319 276
340 266
361 265
382 272
396 288
299 312
299 337
299 361
299 387
277 399
288 404
300 408
310 404
320 399
223 319
238 309
254 309
267 322
253 324
237 324
328 321
341 308
358 307
370 316
359 321
343 322
249 434
269 428
289 425
300 428
312 425
328 427
344 433
328 450
313 458
300 460
287 459
269 451
255 437
288 439
300 440
312 440
337 435
312 441
300 443
287 442
