182 316
185 350
191 384
197 418
206 449
223 474
247 495
273 511
301 514
329 509
352 492
375 473
390 449
398 418
402 384
406 351
408 318
206 287
222 274
242 272
263 277
282 288
315 286
333 276
352 271
372 273
386 287
298 313
298 334
299 354
300 374
280 398
289 401
299 404
307 400
317 397
226 315
239 304
255 306
267 322
253 324
237 323
328 321
340 305
355 304
367 313
358 322
343 323
259 441
275 431
289 424
298 428
309 424
323 431
338 439
324 452
311 458
300 460
289 459
274 453
265 442
290 439
298 439
309 438
331 440
310 441
299 442
290 441
