182 295
184 328
190 361
198 393
211 424
230 453
250 478
274 496
301 500
326 495
349 475
369 449
385 419
396 388
403 356
407 323
408 290
201 295
217 280
239 276
260 281
279 290
314 288
333 278
354 271
376 273
393 285
297 316
297 340
298 365
299 389
278 400
288 404
299 408
309 403
318 399
227 317
241 308
256 309
267 322
254 325
239 324
328 321
339 307
354 304
368 312
357 320
342 323
263 436
276 429
290 425
300 428
311 424
324 427
336 434
324 449
311 457
300 460
288 458
275 452
269 437
289 437
300 438
311 436
330 435
311 439
300 441
289 440
