188 305
190 338
197 371
204 403
213 435
230 463
251 487
275 506
301 511
327 505
350 485
369 460
383 430
393 397
398 363
403 330
404 296
207 292
222 281
241 279
258 282
275 291
318 290
335 279
353 275
372 275
389 284
298 318
299 344
300 370
301 396
279 405
290 410
301 414
311 409
321 404
230 317
242 308
256 309
267 322
254 324
241 324
328 321
339 307
353 305
365 312
356 320
341 322
257 435
273 431
288 428
299 433
311 428
325 430
341 434
326 450
312 458
300 460
287 458
273 450
264 437
287 440
299 442
312 440
335 436
312 440
299 442
287 440
