177 292
180 330
188 368
196 404
208 437
228 467
250 492
275 511
303 517
330 510
354 492
374 466
390 437
400 402
405 367
409 329
408 293
200 284
217 272
237 272
256 276
275 286
320 283
338 275
355 270
375 270
390 281
298 315
299 343
300 369
301 397
277 406
290 410
301 416
313 411
324 406
226 315
240 307
255 308
267 322
253 323
238 321
328 321
339 307
353 305
368 312
357 319
342 322
251 427
272 431
288 432
300 436
311 433
327 435
347 430
328 450
312 458
300 460
287 457
272 446
257 431
288 441
299 444
312 443
341 434
312 442
299 445
288 441
