180 298
185 334
192 369
199 403
208 435
223 464
245 488
270 507
297 513
323 506
348 485
368 459
384 431
393 399
401 366
408 332
411 297
201 280
215 266
236 263
255 268
275 279
324 280
342 269
361 264
381 266
396 279
299 312
298 337
298 361
298 386
276 397
287 401
298 406
309 401
319 395
224 317
238 307
254 310
267 322
251 324
235 324
328 321
341 307
357 306
371 315
358 321
342 323
254 429
273 426
288 422
300 426
310 422
322 423
339 425
324 447
311 458
300 460
287 458
272 449
262 432
288 437
299 437
310 436
330 430
310 436
299 439
288 437
