192 307
195 339
202 371
212 402
224 429
241 456
259 482
279 502
302 508
325 503
347 484
366 459
382 431
393 401
400 369
406 336
407 302
207 294
221 282
241 279
261 282
280 290
310 289
329 279
350 276
371 279
388 291
295 314
296 339
298 364
299 389
279 398
288 403
299 408
310 402
319 398
229 318
240 309
255 309
267 322
255 325
240 324
328 321
338 308
353 306
365 315
355 322
341 323
260 426
276 427
290 425
300 429
310 426
325 427
342 425
326 448
310 458
300 460
289 458
275 448
267 431
290 439
300 440
311 439
335 430
310 439
299 440
289 439
