185 300
191 333
198 365
206 397
218 428
236 455
256 479
278 499
300 503
324 496
345 475
364 449
381 421
392 389
400 356
407 322
411 288
201 291
218 281
239 280
259 285
277 295
316 293
334 281
354 275
375 275
391 284
297 317
298 341
298 366
298 391
279 403
289 407
299 410
308 405
318 401
225 317
238 307
254 308
267 322
252 327
236 326
328 321
339 306
356 304
368 312
357 323
342 325
259 435
275 431
290 427
299 430
310 426
324 428
340 428
325 447
310 457
300 460
289 459
274 450
266 438
290 440
299 441
310 439
333 432
309 439
299 442
289 440
