183 297
186 334
193 368
200 402
212 434
231 462
253 487
276 506
300 512
324 503
344 480
362 454
379 426
391 396
397 363
402 330
404 296
207 291
223 279
243 279
263 284
280 294
317 292
334 281
353 274
372 275
388 288
298 317
298 343
299 368
299 393
275 399
287 403
299 408
310 402
320 398
229 316
242 309
255 311
267 322
253 321
240 321
328 321
340 309
353 307
365 314
355 319
341 320
251 422
269 416
287 414
299 416
311 413
328 414
345 417
329 444
313 457
300 460
286 459
268 447
257 424
286 427
299 427
311 425
339 420
312 440
299 442
286 441
