182 314
184 349
189 382
196 415
207 446
224 472
245 494
270 511
297 516
323 507
345 485
364 462
380 436
390 407
394 374
398 343
399 312
205 295
219 282
238 277
258 277
277 283
320 283
338 277
356 277
374 281
386 295
300 315
301 338
302 362
303 385
279 398
290 401
301 405
312 400
321 396
226 319
239 308
253 309
267 322
252 323
238 324
328 321
341 308
355 307
367 316
356 322
342 322
248 426
268 422
286 419
300 420
312 418
327 419
343 423
328 446
313 457
300 460
286 459
268 451
256 428
286 430
299 431
312 429
336 425
313 441
300 443
286 442
