186 290
187 326
192 361
200 396
211 429
229 458
249 485
272 509
298 517
324 511
347 488
368 463
386 432
398 398
403 361
407 324
409 286
205 284
220 272
239 273
257 278
275 287
316 285
333 274
352 267
371 268
389 279
296 315
296 341
297 366
297 392
279 404
288 408
299 411
308 406
318 403
229 316
241 308
255 310
267 322
253 325
239 324
328 321
339 309
353 307
365 314
355 321
341 323
256 430
274 428
289 426
299 429
309 425
324 427
342 429
326 448
311 458
300 460
289 458
273 447
264 434
289 438
299 439
310 438
336 433
310 439
300 441
289 438
