187 316
190 347
197 378
204 410
215 439
232 466
252 488
275 507
300 513
327 506
351 488
371 464
387 436
397 405
403 372
407 339
408 307
205 294
219 282
237 278
256 280
273 288
319 286
336 277
354 275
373 277
387 289
297 316
297 340
299 365
299 389
279 399
289 403
299 406
310 402
320 398
229 318
240 308
255 310
267 322
253 323
239 322
328 321
339 309
353 306
365 315
355 320
341 321
251 423
269 419
286 417
300 421
313 418
330 419
348 422
331 447
313 458
300 460
285 458
268 447
257 425
286 427
300 429
313 427
342 425
313 441
299 444
285 441
