184 299
187 335
193 370
199 402
211 434
230 462
251 486
275 505
298 512
320 506
341 485
361 460
376 433
389 402
396 369
401 335
403 299
205 281
222 270
243 272
262 279
281 289
315 289
333 279
353 272
372 271
388 283
298 316
299 341
299 366
300 390
280 402
290 405
300 409
309 405
318 402
230 314
242 307
256 308
267 322
254 322
241 320
328 321
338 307
352 305
363 314
354 320
341 322
260 435
278 432
291 428
300 431
309 428
320 431
335 434
320 451
308 459
300 460
290 459
277 452
267 438
292 439
300 440
308 439
328 437
308 440
299 441
291 440
