185 309
187 342
193 374
199 407
209 438
225 464
248 488
274 505
302 508
329 502
355 486
376 464
391 436
400 404
406 371
413 338
415 305
200 295
217 283
237 283
258 287
278 294
314 292
334 282
355 279
376 281
394 292
296 319
296 342
296 364
297 387
278 400
287 404
297 408
307 404
317 400
226 316
239 308
255 309
267 322
253 325
238 323
328 321
341 308
356 307
369 315
358 323
343 323
263 439
276 430
288 425
298 429
309 425
323 430
337 437
324 450
311 458
300 460
289 458
276 451
270 440
288 439
298 440
309 438
330 439
310 438
299 440
289 439
