181 306
184 341
189 374
195 408
206 439
224 468
245 492
271 511
298 516
324 508
343 484
361 456
377 429
387 399
393 367
398 336
401 304
204 293
221 280
239 277
259 281
277 289
319 287
337 277
356 273
375 275
388 289
299 315
299 339
300 362
300 385
275 395
287 400
299 404
310 399
320 395
228 318
241 311
255 312
267 322
254 323
240 323
328 321
340 310
354 309
365 315
355 320
342 322
245 422
266 416
285 414
299 416
312 413
330 413
347 417
332 443
315 456
300 460
285 458
265 446
252 425
285 425
298 425
313 423
340 421
313 439
299 442
285 441
