186 298
190 334
195 369
203 404
216 436
236 464
257 489
280 509
303 515
326 509
350 491
372 466
391 439
401 406
408 371
412 335
414 299
203 285
217 272
238 269
257 274
275 284
314 284
333 274
353 271
373 275
391 288
294 314
295 340
296 364
296 390
277 400
287 403
297 407
309 404
319 400
228 314
241 307
255 310
267 322
253 323
240 321
328 321
339 310
353 308
367 314
355 320
341 322
251 420
269 418
285 417
299 420
313 416
329 417
350 419
332 444
314 458
300 460
286 457
269 445
258 422
285 428
299 430
313 428
343 422
313 439
299 441
285 438
