181 298
183 334
189 370
194 404
206 436
225 462
248 485
273 503
300 508
325 499
348 478
369 452
386 425
397 392
403 359
408 325
410 292
204 287
220 274
242 274
262 279
281 289
316 287
335 277
354 271
375 271
389 284
299 314
299 338
299 361
300 385
278 396
289 400
300 403
310 398
319 394
228 315
241 308
256 310
267 322
253 325
239 323
328 321
339 309
354 307
365 313
355 321
341 323
252 427
272 425
289 421
300 423
311 420
325 421
341 422
325 445
312 456
300 460
288 458
270 449
258 429
289 429
300 429
311 427
334 425
311 441
300 444
288 443
