176 309
181 345
186 378
193 413
204 446
222 475
247 501
273 521
302 529
330 521
355 500
376 472
394 441
404 409
409 373
414 337
416 300
199 288
213 273
234 267
255 269
276 276
322 273
341 264
363 262
383 267
398 284
298 311
299 336
301 361
301 385
279 401
290 405
300 409
311 406
322 402
224 319
236 308
253 308
267 322
251 326
235 325
328 321
341 307
358 305
372 314
359 322
342 323
248 433
268 428
286 426
299 429
311 424
328 426
349 430
329 448
313 457
300 460
286 458
268 449
256 435
285 440
300 441
312 439
341 433
312 439
299 442
285 440
