182 314
187 347
193 380
200 413
210 443
229 467
253 488
278 503
304 509
331 503
355 486
377 465
395 440
404 410
409 376
412 343
413 311
203 288
220 277
240 275
261 279
280 290
314 290
332 278
352 272
372 273
389 286
297 314
297 335
298 354
298 375
279 393
289 395
298 398
308 396
318 394
226 315
239 305
254 307
267 322
253 323
237 322
328 321
340 306
355 304
369 313
358 320
343 323
254 426
272 419
289 416
299 420
311 416
329 422
346 424
330 449
312 458
300 460
288 457
272 447
260 428
289 423
299 425
311 425
340 427
312 443
299 444
288 442
