176 306
180 341
187 375
193 409
205 438
225 464
249 487
274 505
299 511
324 504
349 483
370 459
387 432
398 403
401 370
405 337
408 304
200 294
217 278
241 273
263 275
286 282
316 284
336 275
356 272
377 276
391 291
299 314
300 337
301 361
301 384
276 393
288 396
300 402
312 396
323 393
228 316
241 310
255 312
267 322
254 323
240 321
328 321
340 310
353 309
365 315
354 318
341 321
246 417
266 413
284 412
299 415
313 412
332 412
351 413
334 443
315 457
300 460
284 458
264 445
252 418
284 421
299 423
313 421
345 416
315 440
299 443
284 441
