176 305
180 341
187 375
193 408
205 439
223 464
246 488
272 508
301 515
330 508
356 489
378 464
396 437
407 406
415 370
420 335
422 300
198 284
214 270
235 267
258 269
277 280
315 279
335 268
358 263
382 266
399 280
297 313
298 338
298 364
299 389
276 402
288 405
298 408
310 406
321 401
222 314
236 304
253 306
267 322
251 324
234 323
328 321
343 303
359 302
375 311
363 319
345 322
252 427
273 430
290 429
300 432
310 428
326 429
347 426
327 446
311 457
300 460
289 458
271 446
258 430
290 439
300 441
310 438
339 428
310 439
300 442
289 440
