187 299
190 334
195 369
200 404
208 437
224 465
246 488
270 507
299 513
327 505
352 485
374 460
391 432
401 401
405 367
410 334
414 298
202 287
217 275
239 275
257 282
276 292
319 291
337 281
356 273
375 272
393 282
297 316
297 340
297 362
297 385
276 399
286 402
297 406
309 401
321 396
225 316
237 307
253 308
267 322
252 325
236 324
328 321
341 306
357 304
370 314
358 322
342 323
251 426
270 423
287 422
298 423
310 419
326 420
347 420
329 445
312 457
300 460
287 460
270 451
258 429
287 430
298 431
310 429
340 423
311 443
300 445
288 445
