195 318
200 349
206 380
213 409
222 438
238 463
257 486
279 502
304 507
329 500
353 484
373 462
388 435
396 405
402 374
407 343
410 311
208 293
221 281
239 280
256 282
274 289
317 289
335 281
354 276
374 277
390 289
295 315
294 336
294 358
293 379
276 393
285 396
295 398
305 396
315 392
229 321
241 311
255 311
267 322
253 325
240 325
328 321
339 310
354 308
366 318
355 323
341 323
258 429
273 424
287 419
298 422
307 418
323 422
341 425
325 449
310 459
300 460
289 459
274 451
266 432
287 428
298 429
308 427
334 428
309 441
299 443
288 443
