195 316
198 348
205 381
213 412
225 442
241 469
260 493
282 512
306 516
331 508
354 489
375 466
390 440
401 410
407 377
410 345
411 312
209 284
222 270
240 266
259 271
276 282
314 284
332 273
352 268
372 270
388 282
295 313
294 336
295 359
295 382
279 399
287 402
296 404
305 402
315 398
229 316
240 307
254 308
267 322
253 325
238 323
328 321
340 308
354 306
367 315
357 323
341 323
261 440
276 430
290 423
299 426
308 423
323 428
338 434
324 449
310 457
300 460
290 459
276 453
266 441
289 439
299 439
309 436
333 435
309 438
299 441
289 439
