187 320
190 352
195 383
202 413
215 440
232 465
253 487
276 506
302 511
327 504
352 487
374 464
392 439
404 410
411 378
416 346
420 312
204 295
218 283
237 279
256 283
274 292
318 291
336 280
355 277
376 278
393 289
296 315
296 339
295 362
295 385
275 397
285 401
297 403
308 399
319 395
228 318
240 310
254 311
267 322
254 324
239 323
328 321
341 309
355 307
368 314
356 319
342 321
252 427
268 423
285 421
298 423
313 419
331 420
352 421
334 445
315 457
300 460
285 458
268 449
258 428
285 428
299 430
313 427
345 423
315 441
300 444
286 442
