191 288
196 325
202 362
209 398
220 431
238 461
256 487
279 507
305 512
331 504
355 482
376 456
394 427
404 393
410 357
414 320
416 283
203 285
216 268
236 264
256 271
273 284
316 282
334 270
355 265
376 270
391 285
295 314
296 344
296 373
297 401
275 405
286 410
298 415
310 410
321 405
228 311
240 302
255 306
267 322
253 322
237 320
328 321
339 305
353 303
367 311
357 318
342 321
257 431
275 431
289 430
300 434
312 430
328 431
346 430
328 447
312 457
300 460
288 458
273 449
263 435
288 440
300 441
312 440
340 432
312 440
299 442
288 441
