193 302
196 333
203 366
211 397
221 427
238 454
257 478
279 498
302 504
327 499
351 481
371 458
387 430
397 398
402 365
407 332
408 299
208 291
222 280
240 278
258 282
273 291
318 288
335 279
354 276
373 277
390 288
298 317
298 342
299 368
300 394
278 401
289 405
300 409
311 404
321 401
229 315
241 306
256 308
267 322
254 323
239 322
328 321
339 307
354 304
366 313
357 320
342 321
256 423
273 421
288 421
299 424
313 421
329 422
346 424
330 446
314 458
300 460
287 457
272 446
262 426
288 430
300 432
313 431
340 427
313 440
299 443
287 440
