190 311
194 345
201 378
210 410
222 439
239 466
257 490
279 508
305 513
331 506
355 488
375 463
392 434
404 403
412 370
417 337
419 302
202 285
216 270
234 264
254 266
271 274
317 270
336 262
357 261
378 265
394 280
297 313
296 342
296 370
296 397
276 406
287 410
297 413
309 409
319 405
224 316
237 307
253 310
267 322
252 324
236 325
328 321
342 307
357 306
370 313
360 321
344 323
257 431
275 429
289 428
300 431
310 427
326 429
346 429
327 449
312 458
300 460
289 458
275 450
263 434
289 439
300 440
311 438
338 432
311 440
300 443
289 441
