179 297
182 329
188 360
197 393
209 423
227 450
250 473
274 493
299 500
324 495
347 477
366 453
384 426
396 397
404 364
409 332
411 300
202 290
218 280
238 279
257 282
276 290
317 289
336 281
354 277
375 277
391 287
299 317
300 343
301 367
302 392
281 403
291 406
301 409
311 407
321 403
226 316
239 309
255 309
267 322
253 324
238 323
328 321
340 309
356 307
368 314
358 321
343 322
264 438
278 432
291 427
300 432
311 428
323 432
336 437
324 451
312 458
300 460
289 458
277 451
269 439
290 438
301 440
311 438
331 438
311 441
300 442
289 441
