172 313
174 350
179 386
185 422
197 455
216 483
239 508
267 526
299 532
330 526
358 506
383 480
401 453
410 419
416 384
419 350
420 317
200 287
217 272
238 269
261 273
281 282
313 283
334 273
355 268
377 271
394 284
299 311
299 333
299 354
300 376
277 399
288 402
299 404
309 401
320 398
221 317
237 308
252 309
267 322
251 324
235 323
328 321
342 308
358 307
372 316
360 321
344 322
247 434
269 429
288 424
300 427
313 424
331 429
349 433
330 449
314 457
300 460
287 458
268 450
255 436
288 439
300 441
313 438
342 435
313 439
300 441
288 439
