177 290
179 325
183 362
189 398
200 432
219 464
242 490
269 512
298 519
327 512
353 490
376 464
394 433
405 398
412 363
419 327
420 290
198 276
215 266
235 266
256 271
276 281
319 282
338 272
359 266
381 266
399 279
298 316
298 342
299 367
300 393
278 403
288 407
299 412
310 407
320 402
222 312
237 306
254 307
267 322
251 325
234 322
328 321
340 307
357 304
371 312
360 321
344 324
248 426
268 425
286 423
299 428
311 424
327 426
347 428
329 447
313 458
300 460
286 457
267 448
257 430
285 436
299 439
311 437
337 432
313 438
300 441
287 438
