176 303
180 335
186 369
195 401
207 432
229 458
253 481
276 501
304 510
331 503
358 485
384 462
404 437
416 407
423 374
428 340
431 305
194 288
209 278
229 275
250 277
271 285
318 283
339 273
362 270
385 272
405 285
295 315
295 339
295 364
295 389
274 399
285 402
296 405
309 401
321 397
221 315
236 307
252 308
267 322
251 323
233 322
328 321
342 307
359 304
375 313
362 320
344 321
249 423
265 421
283 418
297 421
312 417
331 419
351 420
333 446
316 457
300 460
284 457
265 445
256 426
284 427
297 429
312 426
345 423
314 442
299 444
284 443
