188 301
190 335
196 369
202 402
211 434
228 461
251 484
276 503
303 508
331 501
357 482
382 460
402 433
414 401
420 366
424 331
424 296
202 283
218 270
238 270
258 275
277 285
311 283
331 273
353 268
375 268
394 278
295 317
295 343
294 369
295 393
276 407
286 411
297 414
308 410
319 405
226 313
239 306
255 308
267 322
253 325
237 323
328 321
339 306
355 304
369 312
358 321
342 323
264 441
278 436
291 432
300 435
309 431
322 433
339 436
323 450
311 457
300 460
290 458
278 452
269 442
290 443
300 444
310 442
333 437
309 441
300 444
290 442
