188 299
191 334
198 368
204 403
213 435
230 464
252 488
276 506
303 511
330 505
355 488
376 465
393 437
402 404
407 368
411 331
414 294
205 281
220 270
237 270
255 276
271 285
319 283
335 272
353 266
372 265
389 276
295 315
296 341
296 367
296 392
275 403
286 406
297 410
308 406
319 402
228 313
240 304
255 307
267 322
252 323
237 322
328 321
339 305
355 303
367 311
357 320
342 322
254 428
271 427
287 424
298 427
310 423
327 426
347 426
329 448
311 458
300 460
287 457
271 447
261 432
286 439
298 440
310 439
340 431
311 439
299 440
287 439
