184 308
189 342
196 376
204 408
214 439
230 466
250 488
274 504
303 508
328 500
349 482
367 458
379 432
389 402
394 373
398 342
400 311
203 294
218 278
239 273
260 275
280 282
313 279
332 271
352 269
371 272
386 285
298 312
299 336
300 358
302 380
279 395
289 398
300 401
310 398
320 395
227 318
241 310
256 311
267 322
255 324
240 324
328 321
340 309
353 307
365 316
355 321
341 322
259 433
276 425
291 421
299 425
310 423
323 427
338 430
324 448
310 458
300 460
289 459
274 450
265 433
290 431
299 432
310 432
331 432
310 443
299 444
289 442
