170 285
174 324
182 363
188 398
200 432
219 462
243 488
270 510
300 514
329 505
353 483
374 457
392 429
402 395
408 360
414 323
416 287
194 285
214 274
236 273
258 278
278 289
318 285
337 276
357 271
378 272
395 282
298 316
298 343
298 370
297 396
275 404
286 409
298 413
309 408
319 404
221 313
236 305
253 307
267 322
251 324
234 323
328 321
342 306
358 305
371 312
360 321
345 323
252 435
272 434
288 431
298 433
309 430
324 432
340 431
325 448
311 457
300 460
289 459
272 453
260 438
288 441
298 442
309 440
333 434
310 441
299 443
289 442
