196 323
198 355
202 386
208 419
217 450
231 478
250 502
273 520
300 527
327 520
352 502
374 478
390 451
397 418
400 383
404 350
406 317
217 290
228 276
245 271
262 274
279 283
310 284
327 272
347 268
367 272
381 289
296 313
296 335
297 356
297 378
279 398
288 402
299 406
308 401
319 397
234 319
244 311
256 312
267 322
255 324
243 324
328 321
338 310
351 309
362 317
352 322
339 323
262 442
277 436
289 429
299 432
307 428
321 433
337 441
321 451
309 458
300 460
289 459
277 453
268 445
289 442
299 443
308 441
331 442
308 442
299 445
290 442
