191 297
194 334
200 369
207 404
218 436
235 464
255 488
276 507
301 512
326 504
348 484
368 460
384 432
392 399
398 365
403 331
406 295
206 287
222 274
242 275
261 283
280 292
314 290
333 281
352 275
371 274
387 286
296 317
297 344
297 371
298 397
278 406
288 411
297 415
307 411
316 406
230 316
243 308
257 310
267 322
254 323
241 322
328 321
338 310
353 308
365 316
354 322
341 323
258 434
274 431
288 429
299 432
310 428
326 430
341 430
326 447
312 457
300 460
288 459
273 451
264 437
288 440
299 441
311 439
335 433
311 439
299 442
288 440
