177 293
180 329
186 364
192 399
202 432
222 461
246 488
272 510
302 518
333 511
357 489
377 461
394 431
403 397
408 363
413 329
414 292
198 287
214 276
236 275
256 278
277 287
316 288
334 277
355 274
377 273
395 285
297 316
298 343
299 370
299 398
275 402
287 408
300 413
313 408
325 403
227 315
240 310
254 311
267 322
252 323
238 322
328 321
338 310
354 307
369 313
356 319
341 321
249 425
269 426
285 426
299 430
311 425
327 427
347 426
330 448
314 458
300 460
285 458
268 446
256 430
285 439
299 442
312 439
339 431
312 438
300 441
285 439
