179 306
180 342
183 378
189 415
199 450
216 480
239 505
267 527
295 537
325 532
352 514
375 489
392 459
403 423
409 385
414 347
416 307
202 289
218 274
238 271
259 277
278 288
316 285
336 275
357 270
378 274
394 289
298 312
299 337
299 364
300 390
277 401
288 406
299 411
310 406
321 401
226 316
240 309
255 310
267 322
253 323
239 322
328 321
342 308
356 308
369 316
357 321
342 322
249 436
269 430
286 426
299 428
311 425
328 427
348 434
330 450
312 458
300 460
286 459
269 452
255 438
285 440
298 440
311 438
342 436
312 441
300 444
287 443
