189 315
192 347
198 379
204 411
213 442
229 469
250 492
275 509
303 516
331 509
352 489
371 465
385 437
392 406
396 374
399 342
401 310
208 290
223 278
240 274
257 277
275 285
318 283
334 275
351 272
368 275
382 286
297 315
298 337
299 360
300 381
277 394
287 399
299 404
309 400
319 396
230 318
242 310
256 311
267 322
255 323
241 322
328 321
337 311
352 309
363 317
353 322
340 322
248 425
265 417
284 414
298 418
313 415
331 417
350 424
333 447
316 458
300 460
284 457
265 446
253 427
284 427
299 428
313 428
343 427
315 441
300 442
285 440
