192 302
195 335
201 367
209 399
221 430
237 459
255 484
276 504
300 508
324 501
345 482
364 457
378 427
389 394
396 362
402 328
404 295
207 287
219 272
238 268
257 274
274 285
318 282
335 272
353 265
372 268
386 281
296 317
297 342
297 367
298 392
279 403
288 407
298 412
309 407
320 401
228 317
239 309
254 310
267 322
252 326
238 325
328 321
339 310
353 308
365 315
355 323
340 324
261 435
275 432
289 428
300 431
309 427
323 430
338 435
324 450
310 458
300 460
288 458
275 452
267 438
288 439
300 439
309 438
332 437
310 441
300 443
288 442
