182 298
185 335
191 371
197 406
208 439
226 467
248 490
274 509
301 514
329 507
357 488
381 463
400 434
410 402
415 368
422 332
425 294
202 289
218 277
239 274
258 278
277 289
313 289
333 278
356 273
379 276
397 289
296 317
295 342
295 368
296 393
274 401
285 405
296 408
308 403
321 400
226 315
239 309
254 311
267 322
252 323
238 321
328 321
340 309
356 307
370 314
357 319
343 322
250 429
267 425
284 421
299 424
312 421
331 421
351 424
332 447
315 457
300 460
285 459
267 450
256 431
284 431
299 432
313 429
343 426
314 441
299 443
286 443
