191 307
196 340
203 374
209 407
220 440
236 469
256 494
280 513
304 519
328 512
351 493
370 467
386 439
395 407
400 372
404 337
405 303
208 290
222 276
240 271
258 274
276 281
316 281
334 270
353 266
373 272
388 286
296 313
297 340
297 364
298 390
279 401
288 407
299 411
308 406
318 402
231 317
242 307
257 308
267 322
254 325
241 325
328 321
339 306
354 303
366 312
356 321
342 322
261 438
278 433
290 428
298 432
308 428
321 432
339 435
322 451
309 458
300 460
290 458
277 452
267 440
290 440
299 441
309 440
332 439
308 440
299 442
289 440
