182 307
185 342
190 377
196 410
205 442
223 469
245 493
272 511
300 516
328 509
352 491
371 465
386 437
394 406
399 372
402 339
404 307
206 287
222 275
241 274
260 278
279 289
317 288
335 276
353 270
373 270
388 283
298 314
298 339
298 361
299 384
278 403
288 406
298 409
309 405
319 401
224 314
238 305
255 307
267 322
253 324
236 322
328 321
341 305
357 302
369 311
359 321
343 323
249 430
269 430
287 427
298 431
309 426
326 427
347 425
328 446
312 458
300 460
287 459
269 450
256 433
286 440
298 443
310 440
340 428
311 441
299 444
287 443
