182 326
186 358
192 390
199 421
209 451
226 478
247 500
273 515
303 519
332 513
359 497
380 474
396 447
405 417
410 385
414 353
416 321
204 294
216 279
235 272
255 273
274 279
317 277
337 269
357 267
377 274
392 289
296 312
296 336
296 358
297 381
279 400
288 402
297 405
307 402
317 398
227 320
240 311
254 311
267 322
254 325
239 326
328 321
341 309
356 307
368 316
357 322
342 323
261 439
276 432
290 427
299 430
309 427
324 430
340 436
325 451
310 458
300 460
289 459
275 453
267 440
289 442
300 443
310 441
333 437
310 441
299 444
289 442
