194 312
197 343
201 374
205 407
215 436
231 463
252 487
275 508
300 515
325 510
348 491
368 468
385 441
395 410
400 377
405 344
408 310
208 291
223 281
241 278
259 281
277 289
314 287
332 277
351 274
370 278
387 288
296 316
297 340
297 365
298 389
281 401
289 406
298 410
308 406
317 401
229 318
242 310
255 310
267 322
254 324
241 324
328 321
339 309
354 307
366 317
355 322
341 323
259 434
274 430
289 426
299 429
309 426
325 430
341 433
325 450
311 459
300 460
288 458
274 451
266 437
289 441
300 441
310 440
334 435
310 439
299 441
288 440
