183 303
187 336
194 370
202 401
214 432
232 460
251 484
274 503
300 510
325 503
349 484
371 462
388 437
398 407
404 375
411 342
415 309
199 283
215 270
236 268
257 273
275 284
320 283
339 274
360 270
380 272
396 285
297 313
297 337
297 360
297 383
274 393
286 397
298 401
309 397
321 392
223 316
237 308
253 309
267 322
251 323
236 322
328 321
341 308
357 307
372 315
359 320
343 322
248 421
268 418
286 415
299 418
312 415
330 416
349 417
331 443
313 457
300 460
286 458
267 446
255 423
286 423
299 424
312 422
343 420
313 440
299 443
286 441
