172 321
178 355
185 388
193 419
204 448
223 474
248 495
275 511
305 516
334 510
361 494
385 473
402 448
412 418
418 385
423 354
426 320
196 292
211 275
233 267
255 269
275 279
317 278
338 267
362 265
385 274
402 292
295 312
295 335
294 358
294 380
277 396
286 399
297 402
307 399
316 394
223 317
237 306
254 307
267 322
252 324
235 322
328 321
342 306
358 305
373 315
360 322
343 322
254 435
271 427
288 422
299 425
311 422
327 425
346 432
329 450
312 458
300 460
288 458
271 452
260 436
288 434
300 434
311 433
338 434
311 444
299 445
287 445
