190 311
194 341
201 370
208 399
220 427
237 452
256 475
279 494
304 501
328 495
352 478
372 456
389 432
399 403
405 372
410 342
414 310
202 289
216 276
235 272
255 274
275 281
314 277
334 271
355 271
375 275
391 288
296 315
296 337
296 359
295 381
279 396
288 399
297 403
306 400
316 397
226 318
239 309
255 309
267 322
253 326
237 325
328 321
339 308
355 308
369 316
358 324
342 325
266 436
276 424
289 417
299 421
308 417
323 425
337 438
324 452
310 459
300 460
289 458
277 449
274 436
289 431
299 432
309 432
329 438
309 439
299 441
289 438
