187 306
192 342
199 377
207 410
219 441
234 467
254 489
277 504
302 510
327 505
350 486
372 464
389 435
398 402
404 367
408 331
410 293
204 286
219 272
240 270
259 274
278 283
311 280
329 268
349 263
368 265
384 278
297 313
298 337
299 361
299 384
279 401
289 404
299 407
309 404
319 401
226 315
238 306
254 307
267 322
253 325
237 324
328 321
341 306
356 305
369 313
359 324
343 324
263 440
277 431
290 425
299 428
308 424
322 431
336 438
322 451
310 458
300 460
290 460
277 453
268 440
290 440
299 441
308 439
330 439
309 440
299 442
290 441
