170 289
172 326
174 363
179 401
190 436
210 465
236 490
266 509
297 515
329 508
356 488
380 462
398 433
407 397
412 360
416 325
416 289
200 279
220 269
243 271
263 280
283 290
314 289
334 278
355 270
376 269
394 279
298 317
299 340
300 362
301 386
275 400
287 403
299 406
311 403
321 399
227 312
240 307
255 310
267 322
252 322
238 320
328 321
340 308
354 306
368 311
356 317
343 320
249 429
269 428
286 425
298 429
310 425
326 427
344 427
327 448
312 457
300 460
287 458
269 450
256 432
286 438
298 439
310 437
336 430
311 440
299 442
287 441
