194 309
195 345
200 380
207 414
218 446
233 478
251 504
275 523
300 527
327 520
349 498
366 471
382 440
391 409
397 374
400 338
401 302
208 288
222 271
241 267
260 271
278 281
316 279
333 267
353 261
372 263
386 280
298 313
298 344
298 375
299 405
276 410
286 415
299 420
310 415
321 408
228 317
240 308
254 308
267 322
253 325
239 325
328 321
340 306
355 302
367 312
357 320
342 323
255 435
272 434
287 433
298 436
310 432
325 431
343 430
325 448
312 458
300 460
287 458
273 450
261 437
287 443
299 445
310 441
336 432
311 441
299 445
287 443
