188 305
189 340
194 374
199 407
211 438
229 466
251 490
275 508
300 516
326 509
350 488
372 464
390 436
402 405
409 371
413 337
415 301
203 283
217 269
237 269
256 276
272 287
318 288
337 276
357 271
377 272
393 284
296 315
297 339
297 362
298 385
277 396
287 399
298 403
309 399
319 394
226 314
238 304
254 307
267 322
252 323
237 321
328 321
340 307
355 305
369 313
357 320
342 322
256 424
272 419
287 416
298 419
310 415
326 417
343 421
328 445
312 457
300 460
287 458
271 448
263 427
287 427
298 429
310 427
337 422
311 439
299 441
287 439
