190 309
193 342
199 377
206 410
216 440
232 467
251 491
275 508
302 513
330 505
355 485
376 461
392 434
403 404
408 370
411 337
412 303
205 282
220 271
240 271
259 275
277 284
312 282
331 273
349 268
369 266
387 275
296 311
297 337
296 362
296 386
275 396
286 401
297 405
308 400
319 396
226 317
239 307
254 308
267 322
252 325
237 323
328 321
340 306
355 304
368 313
357 321
342 322
253 426
269 419
286 417
299 420
311 417
330 419
348 422
331 446
313 458
300 460
286 458
269 448
258 428
287 429
299 431
312 429
342 425
312 441
299 444
286 442
