176 312
179 350
182 386
189 420
200 452
220 477
242 499
268 516
297 521
325 513
351 492
374 469
394 441
407 411
413 375
418 339
422 302
204 294
220 282
240 281
260 286
280 294
315 291
334 282
354 276
375 278
392 288
297 316
297 342
297 369
298 395
274 406
285 411
298 414
309 409
321 404
227 317
240 310
254 310
267 322
253 322
239 322
328 321
340 309
354 308
368 316
356 320
341 321
250 436
268 432
285 429
299 431
313 426
329 425
345 426
330 444
314 456
300 460
286 458
268 451
257 437
285 440
299 441
314 436
339 429
314 437
300 442
285 442
