187 310
191 344
196 376
202 408
214 438
232 463
253 486
275 507
300 514
326 506
350 485
371 461
388 435
401 406
406 372
410 339
414 303
206 295
220 280
239 276
259 280
277 290
317 289
335 279
355 275
376 279
391 293
297 316
298 340
298 365
298 389
276 395
287 400
298 404
310 399
320 393
231 317
243 311
256 312
267 322
255 322
242 321
328 321
339 310
352 310
364 315
353 319
340 321
250 418
267 415
285 414
299 417
313 413
332 413
351 414
334 443
314 457
300 460
285 458
267 445
255 421
285 423
299 424
313 422
345 416
314 440
299 443
285 441
