167 294
172 330
178 365
185 399
197 431
218 461
245 488
273 508
304 513
336 507
364 488
389 463
408 433
420 401
424 367
429 331
432 294
189 283
209 274
233 272
255 277
277 284
315 281
337 272
361 268
385 270
405 282
295 314
295 343
296 372
297 402
273 406
284 412
297 417
311 411
324 406
218 314
234 306
251 308
267 322
249 325
232 324
328 321
344 307
362 304
377 312
365 322
347 323
248 430
267 434
285 433
297 435
309 431
331 431
353 428
333 449
314 458
300 460
287 457
268 448
255 433
285 443
298 444
311 441
347 431
313 443
299 445
287 442
