187 289
193 326
200 362
210 397
222 429
241 457
260 483
280 503
306 509
331 502
356 483
377 458
395 428
408 395
416 358
422 318
425 278
199 285
214 272
234 271
254 276
274 286
312 285
332 274
353 268
375 268
395 278
294 314
294 340
295 365
295 389
274 399
285 404
297 407
309 402
321 398
225 314
239 307
254 308
267 322
252 323
237 322
328 321
339 308
355 305
371 311
358 319
343 322
256 426
272 424
286 422
298 425
309 422
327 424
348 425
329 447
312 458
300 460
287 458
271 447
262 429
287 429
299 431
309 430
341 428
310 443
299 445
286 442
