184 307
187 342
193 376
197 409
207 440
225 467
247 488
273 504
301 511
328 504
352 486
372 463
386 437
393 405
398 372
404 339
406 306
204 285
219 272
239 270
258 272
278 280
319 280
336 271
354 266
373 269
386 282
298 313
299 336
300 359
300 381
278 394
289 397
301 401
311 397
321 395
229 317
241 310
255 311
267 322
254 322
239 321
328 321
339 311
353 310
365 316
354 322
340 323
255 424
272 416
288 413
299 415
312 413
326 417
341 425
327 447
313 458
300 460
286 458
270 447
262 426
287 423
299 425
312 424
334 426
312 441
299 443
287 440
