177 297
181 332
188 366
197 400
208 430
226 457
246 483
270 503
297 512
324 507
347 487
368 464
385 439
394 408
400 376
405 342
408 308
199 281
214 269
235 267
256 272
276 283
322 282
339 271
358 266
378 267
393 282
297 314
298 337
299 360
299 383
277 394
287 398
298 402
310 398
321 394
225 315
237 307
253 308
267 322
251 324
236 322
328 321
340 307
355 306
369 316
358 322
341 323
251 422
270 420
288 417
299 420
310 418
325 420
343 422
327 448
311 458
300 460
286 457
270 446
259 425
287 425
299 427
310 426
336 425
311 441
299 442
287 440
