186 326
187 358
193 391
199 423
209 452
225 477
246 496
270 510
296 515
322 505
344 486
363 461
379 434
389 403
396 373
403 341
407 307
204 292
220 276
241 271
260 274
279 281
315 280
335 273
355 272
374 273
389 283
298 313
298 336
298 360
299 384
278 396
288 399
299 402
309 397
319 393
227 319
241 308
256 309
267 322
254 325
239 325
328 321
340 305
354 304
366 313
356 320
342 322
253 428
272 423
289 419
301 420
312 416
328 418
345 419
329 443
312 457
300 460
287 460
270 452
258 431
289 431
300 431
312 428
339 421
312 441
300 443
288 443
