185 307
190 340
196 372
203 404
214 434
230 461
252 486
277 505
302 511
327 502
351 483
370 458
385 430
394 399
399 367
405 334
407 300
204 294
218 280
237 276
256 279
274 286
321 282
339 273
357 269
376 274
390 287
299 314
299 337
300 361
301 384
280 394
289 397
300 401
310 397
320 394
228 319
241 311
256 312
267 322
254 325
239 324
328 321
339 309
353 307
366 314
355 320
341 321
255 423
272 418
287 416
298 418
310 416
326 418
344 422
328 446
312 457
300 460
288 458
271 447
262 426
288 429
299 430
310 428
337 424
312 440
300 442
288 440
