180 312
183 346
189 380
196 414
208 444
228 470
249 493
274 509
302 513
330 505
354 484
376 460
393 433
404 403
410 370
414 338
418 305
197 290
214 276
235 272
257 275
278 283
316 280
336 272
357 268
378 271
393 282
299 314
300 337
300 360
301 384
275 393
288 397
300 401
311 396
323 393
224 316
239 310
254 311
267 322
252 323
237 321
328 321
341 309
356 308
369 313
358 319
343 321
252 424
268 415
286 412
299 416
313 412
331 414
348 420
333 444
315 457
300 460
286 458
268 447
257 424
285 424
299 425
314 423
342 422
314 441
299 444
285 441
