189 291
192 329
198 366
204 400
215 432
231 461
249 486
273 503
301 508
327 500
348 483
368 457
384 429
393 397
401 363
406 328
409 293
205 285
221 270
242 270
261 276
280 285
312 286
331 277
350 272
371 270
387 282
295 313
295 337
295 362
295 386
274 400
285 404
296 407
307 403
317 398
229 315
241 307
255 309
267 322
253 324
239 322
328 321
339 309
353 308
365 316
354 322
341 323
262 433
276 429
289 425
299 429
309 423
321 425
336 426
323 445
311 456
300 460
288 459
275 453
268 435
288 439
299 440
309 437
330 429
310 437
299 442
289 439
