183 320
185 355
189 389
195 423
205 454
222 480
244 501
268 517
295 522
320 513
343 492
362 468
378 440
388 410
393 378
397 347
398 315
202 292
218 275
238 272
258 277
277 287
320 286
339 274
358 267
378 269
390 286
299 311
300 337
300 362
301 388
277 401
288 405
299 409
310 403
320 399
226 319
239 309
254 310
267 322
253 325
238 325
328 321
341 307
355 306
367 315
356 322
342 323
248 431
271 432
289 430
300 432
311 428
326 428
344 426
326 445
312 456
300 460
287 459
269 451
255 434
288 440
300 441
311 438
337 429
311 439
300 442
288 441
