189 309
191 342
197 375
203 408
213 440
229 468
250 494
275 515
302 522
330 516
357 496
382 473
401 444
411 411
415 376
419 340
419 304
200 290
215 276
234 271
253 274
272 284
316 282
336 271
356 268
376 272
392 285
295 314
297 340
297 365
298 390
277 401
287 406
299 410
311 405
321 400
226 316
238 307
254 309
267 322
252 323
237 322
328 321
339 308
354 306
368 314
357 321
342 322
255 431
274 428
289 425
300 429
312 426
329 428
349 432
330 449
313 458
300 460
287 458
272 451
263 434
288 439
301 440
313 439
341 434
313 439
300 440
288 439
