175 300
179 337
187 373
195 406
208 437
227 463
250 487
275 504
304 507
331 499
355 478
374 453
390 426
401 396
407 362
412 327
413 294
196 288
214 275
237 273
258 278
278 288
314 286
334 276
354 270
376 272
392 282
297 316
297 341
297 365
296 390
278 403
288 407
298 410
309 405
319 401
223 315
238 306
254 307
267 322
252 322
236 321
328 321
340 304
356 303
370 310
359 318
343 320
259 441
275 433
289 427
299 432
310 427
323 432
339 437
324 449
311 457
300 460
289 459
276 454
265 441
289 441
300 442
311 440
332 438
310 441
299 444
288 442
