187 303
190 339
196 371
201 404
211 433
229 460
250 483
275 504
301 511
327 506
350 486
371 462
388 436
399 405
403 371
408 337
409 302
205 294
221 282
242 280
261 285
280 295
316 296
333 285
352 280
372 283
390 296
298 315
298 340
298 365
298 389
274 396
286 401
299 406
311 402
322 397
229 319
241 312
254 312
267 322
253 322
241 322
328 321
339 312
353 311
366 318
354 321
341 322
248 416
267 419
285 420
299 423
313 419
332 419
353 417
335 444
316 457
300 460
285 457
266 444
253 420
285 431
299 433
314 430
347 421
315 438
300 440
285 437
