190 306
195 338
201 371
210 402
222 431
239 457
258 482
279 503
302 510
326 505
348 485
368 462
385 436
395 404
401 372
405 339
407 305
209 293
223 280
240 277
259 281
276 290
316 288
333 279
353 275
372 278
387 292
296 315
296 340
297 364
298 388
276 396
286 400
299 404
309 399
321 395
230 317
242 310
256 310
267 322
254 322
241 321
328 321
339 310
352 307
365 315
355 319
341 320
255 420
270 416
287 413
298 416
310 413
327 415
345 419
329 446
313 458
300 460
286 458
270 445
260 423
286 423
298 424
311 423
340 421
312 440
299 442
287 440
