182 323
187 355
193 387
201 419
213 446
231 469
254 487
278 503
303 508
326 500
348 484
366 462
381 438
391 409
397 378
401 347
403 316
206 291
221 280
240 277
260 281
279 289
316 286
333 276
352 271
370 274
384 285
299 314
299 335
300 354
301 373
280 390
290 392
300 395
309 393
318 390
227 316
240 306
255 307
267 322
254 323
238 322
328 321
339 306
354 304
367 312
357 319
342 322
253 423
272 415
289 412
300 415
312 413
328 417
345 422
329 448
312 458
300 460
288 458
270 447
258 424
290 421
300 422
311 421
339 424
312 444
299 447
288 444
