174 298
178 335
185 372
194 407
207 437
227 465
250 489
274 510
301 516
327 508
351 486
371 459
388 430
401 398
408 362
412 324
415 285
197 287
214 274
237 272
258 277
278 288
315 285
335 275
356 270
376 271
393 283
297 315
298 340
298 366
299 391
274 399
286 404
299 407
311 403
323 396
222 315
236 304
253 306
267 322
250 325
234 323
328 321
340 303
357 301
371 310
359 319
343 322
252 428
271 421
288 418
300 420
310 418
327 420
346 423
328 446
312 458
300 460
287 459
271 449
259 430
287 427
299 428
311 427
339 425
311 442
299 444
287 443
