181 303
185 335
190 368
197 400
209 430
227 457
247 481
272 500
300 507
328 502
353 483
374 460
392 434
402 403
409 370
415 335
418 300
201 287
216 276
235 273
255 276
273 285
320 283
338 273
359 269
380 272
396 284
297 316
297 341
297 365
297 390
276 400
287 404
298 408
310 403
320 400
225 316
238 309
254 310
267 322
252 325
237 324
328 321
341 309
357 307
371 314
360 321
344 323
254 426
272 422
287 419
299 423
312 420
329 422
348 426
331 448
313 458
300 460
286 458
270 447
260 429
287 429
300 431
312 430
342 428
312 441
299 443
286 441
