171 304
173 339
179 374
186 407
197 436
217 464
240 488
268 505
299 510
329 503
356 482
375 456
392 429
402 398
407 366
411 333
413 300
196 291
214 278
237 276
260 280
281 288
315 286
335 277
356 271
377 273
394 285
300 317
301 344
300 370
301 395
272 397
286 403
301 409
315 403
327 397
222 316
237 308
253 309
267 322
252 322
236 321
328 321
341 308
357 307
371 314
359 319
343 321
244 420
265 416
286 415
300 418
316 415
335 417
355 419
336 445
317 457
300 460
284 458
263 445
250 422
286 424
301 426
316 423
348 421
316 442
300 445
285 442
