17 37 36 
37 17 18 
1 72 0 
72 1 80 
0 72 17 
65 55 56 
55 65 64 
72 80 76 
1 0 36 
7 58 57 
58 7 6 
80 1 2 
2 1 41 
31 3 2 
3 31 4 
3 73 80 
73 3 4 
2 3 80 
56 66 65 
66 56 57 
73 4 5 
35 53 52 
53 35 54 
73 6 82 
6 73 5 
5 4 48 
29 31 40 
31 29 30 
82 6 7 
6 5 48 
35 30 29 
30 35 34 
7 74 82 
74 7 8 
9 82 74 
82 9 75 
9 74 8 
8 7 57 
75 9 10 
9 8 57 
46 14 35 
14 46 15 
75 10 11 
10 9 56 
2 41 31 
14 79 13 
79 14 15 
11 10 54 
29 40 39 
12 75 11 
75 12 13 
12 11 54 
22 27 21 
27 22 42 
75 13 79 
13 12 35 
19 37 18 
37 19 20 
79 15 71 
14 13 35 
37 20 38 
71 15 16 
38 40 37 
40 38 39 
71 16 26 
16 15 45 
29 42 47 
42 29 28 
17 72 18 
0 17 36 
18 72 68 
1 36 41 
23 20 69 
20 23 21 
19 18 69 
18 68 69 
22 21 23 
20 19 69 
27 42 28 
20 21 38 
43 22 23 
22 43 42 
47 44 46 
44 47 43 
44 24 25 
24 44 23 
24 23 69 
77 69 68 
69 77 70 
24 69 25 
43 23 44 
25 70 71 
70 25 69 
26 16 45 
25 26 44 
26 25 71 
21 27 39 
47 35 29 
35 47 46 
31 41 40 
27 28 39 
28 29 39 
52 33 34 
33 52 50 
48 31 49 
31 48 4 
9 57 56 
31 50 49 
50 31 32 
31 30 32 
50 32 33 
32 30 33 
53 65 63 
65 53 64 
33 30 34 
35 12 54 
34 35 52 
37 40 41 
36 37 41 
38 21 39 
15 46 45 
46 44 45 
42 43 47 
26 45 44 
6 48 59 
48 49 60 
50 61 49 
61 50 51 
50 52 51 
10 56 55 
63 51 52 
51 63 62 
52 53 63 
10 55 54 
53 54 64 
54 55 64 
62 67 61 
67 62 66 
67 60 49 
60 67 59 
57 58 66 
58 6 59 
67 49 61 
58 59 67 
59 48 60 
61 51 62 
65 66 62 
62 63 65 
66 58 67 
77 68 76 
77 78 70 
71 78 79 
78 71 70 
68 72 76 
81 80 73 
73 82 81 
83 82 75 
79 83 75 
