138 335
141 374
146 413
156 450
172 483
196 509
228 530
262 543
297 544
330 537
359 520
383 496
404 470
416 437
422 401
426 362
428 326
177 306
197 290
226 288
253 291
279 299
313 299
335 291
358 285
382 288
401 302
297 332
298 355
299 376
300 400
271 421
285 424
299 425
311 423
322 420
208 333
224 326
241 327
255 339
240 340
223 339
331 339
344 327
360 325
376 331
363 339
345 341
246 457
268 452
286 446
299 449
309 446
325 450
340 455
325 467
311 472
300 474
286 473
268 468
254 458
285 459
298 460
309 458
334 455
310 459
298 460
286 459
