161 344
162 379
164 416
167 453
179 485
198 516
224 539
256 555
293 561
329 554
363 540
393 521
416 495
430 461
437 424
439 389
443 354
185 302
202 282
229 276
257 278
281 289
326 290
350 282
377 282
402 289
418 310
302 333
300 357
301 378
299 400
269 423
284 426
300 429
315 426
331 425
214 337
232 331
249 332
264 345
248 345
229 342
338 345
352 335
370 336
387 343
371 347
354 348
241 464
265 456
287 449
300 454
314 451
335 458
358 466
335 486
313 496
297 497
282 494
263 485
250 467
286 463
299 466
313 465
348 469
314 477
298 479
283 477
