150 297
152 340
157 380
162 420
174 458
196 489
228 517
260 538
297 546
330 541
365 519
396 497
420 468
435 432
440 389
445 349
450 306
181 274
205 262
228 263
251 271
271 282
334 281
355 272
379 263
402 264
421 274
300 319
302 346
301 373
300 400
272 415
285 419
299 419
312 417
326 414
206 316
223 306
243 310
259 328
239 327
222 326
339 328
357 312
377 309
393 317
379 326
359 329
238 444
261 445
285 439
298 443
311 440
334 444
361 445
337 471
313 483
299 486
283 486
260 475
247 451
284 452
297 453
311 453
351 448
314 463
300 466
284 462
