150 327
155 364
160 402
168 437
181 469
203 496
233 517
266 535
300 542
334 535
365 517
393 496
414 467
426 434
433 399
438 363
443 326
185 300
204 286
228 280
254 284
278 294
324 293
348 284
374 279
399 284
417 299
300 328
300 352
299 375
300 400
269 415
285 419
300 423
315 419
330 415
212 333
230 327
247 328
262 338
246 340
229 339
338 338
353 327
370 326
386 332
372 338
355 339
242 448
265 442
285 439
299 442
313 440
334 444
357 449
336 470
314 483
298 484
282 482
263 472
249 450
285 448
299 449
314 449
348 452
313 465
297 468
282 466
