126 338
132 381
139 423
149 462
167 500
192 529
226 549
259 564
294 569
329 563
364 549
402 532
436 508
455 473
465 432
475 390
483 347
160 305
184 284
215 277
248 281
277 293
328 293
358 281
388 278
417 286
438 307
302 339
301 359
300 379
300 400
268 428
283 430
298 432
311 431
326 429
199 342
218 330
241 331
257 350
239 355
215 352
343 350
360 332
382 333
401 343
385 354
361 355
241 482
264 469
285 460
296 464
306 461
327 471
352 482
326 500
306 506
295 507
283 507
262 500
251 480
284 473
295 474
307 472
343 481
307 493
296 493
285 492
