121 322
129 367
137 411
147 455
165 493
195 520
233 540
267 560
303 568
340 560
376 540
416 521
452 494
475 456
485 411
493 365
501 317
153 295
176 276
208 268
241 274
274 285
329 284
359 270
393 265
424 271
451 289
301 329
301 352
301 376
300 400
270 425
285 428
301 430
315 428
330 425
193 332
214 320
237 321
255 340
234 344
211 342
347 340
364 319
388 317
410 329
392 340
367 343
240 473
265 464
287 457
300 461
312 458
335 464
366 469
338 494
314 504
301 506
286 505
264 495
250 471
287 469
301 470
313 469
356 469
313 488
301 489
287 488
