139 301
146 345
155 387
163 427
176 464
198 495
229 517
261 536
298 543
335 537
370 519
402 496
424 465
438 428
446 387
456 347
464 303
174 278
198 263
228 261
255 268
281 282
324 284
350 272
378 266
408 269
430 283
301 316
300 344
300 371
300 400
271 418
285 422
300 424
314 422
329 418
205 316
223 308
243 309
260 326
241 329
221 327
344 326
360 311
380 309
398 319
381 329
361 330
251 464
271 458
287 453
300 457
312 454
330 458
350 464
329 477
312 483
299 484
286 482
270 477
260 466
287 465
300 467
312 466
342 465
312 466
300 467
287 465
