159 328
163 364
169 399
177 434
189 467
210 496
238 520
270 537
305 542
339 537
370 519
397 494
418 465
430 432
436 397
443 360
447 325
187 301
204 285
228 279
252 285
276 294
324 293
347 282
373 278
398 284
416 301
299 328
299 353
299 376
299 400
276 418
288 422
301 426
313 422
326 419
214 331
230 322
248 323
262 337
245 341
228 339
339 337
353 323
372 321
387 331
373 339
355 341
251 461
272 454
289 449
300 453
312 449
330 455
352 461
330 474
313 479
300 480
287 479
272 473
259 462
288 462
301 463
313 462
344 462
312 463
301 464
288 462
