171 311
170 349
174 385
180 421
192 456
215 487
244 512
275 534
311 541
346 534
378 512
409 486
433 456
447 422
455 387
459 348
461 311
195 292
213 278
238 275
263 279
285 290
324 288
349 278
377 273
404 276
427 292
304 318
302 345
301 372
300 399
276 418
289 421
302 425
317 420
332 416
219 317
234 308
254 309
268 325
252 327
233 326
348 325
361 310
382 308
397 318
383 326
364 328
254 454
274 450
292 446
305 450
319 445
341 448
365 448
344 471
323 482
308 484
293 482
274 473
263 456
292 459
306 460
320 458
358 451
321 465
307 467
293 465
