150 340
153 375
156 413
161 450
174 484
199 509
234 526
269 540
305 546
342 542
380 531
418 518
448 495
464 461
470 422
475 384
481 346
176 309
194 288
221 282
250 287
275 301
328 299
357 288
387 285
416 293
437 314
302 343
301 362
301 381
300 400
273 428
286 430
299 431
313 430
327 428
211 346
227 336
248 338
262 355
245 358
224 356
345 355
360 338
380 338
399 349
383 357
362 359
248 468
273 463
291 456
299 458
310 454
330 461
357 467
332 475
313 477
302 478
292 478
274 477
257 468
290 467
300 468
311 466
347 466
312 466
301 467
292 467
