116 332
121 374
125 416
134 456
154 488
186 508
223 523
260 534
292 538
322 530
351 514
380 497
405 473
418 441
424 405
429 367
433 331
163 305
186 285
217 281
246 287
274 298
325 300
348 289
372 285
396 289
411 306
299 336
299 357
299 378
300 400
268 423
282 424
297 426
310 424
323 422
199 339
218 330
238 332
255 347
237 350
216 348
331 348
345 332
364 332
381 340
366 349
347 351
234 456
263 452
284 447
296 449
307 446
324 450
347 454
325 464
308 469
297 470
284 470
263 467
242 457
284 457
296 457
307 456
339 455
308 456
297 457
285 458
