191 385
191 414
194 442
199 468
208 493
226 513
251 527
277 535
303 539
330 537
357 531
384 526
409 514
426 492
439 466
448 436
457 404
211 346
224 327
246 319
268 322
289 329
323 325
348 318
374 319
396 331
411 350
303 365
302 377
301 388
300 400
278 431
290 432
300 433
311 432
321 432
234 376
246 363
262 363
273 376
261 380
245 380
338 376
351 362
367 365
381 377
367 382
350 381
267 479
278 464
290 454
297 456
304 454
317 465
333 480
317 484
305 485
297 486
290 486
278 486
273 477
290 468
296 468
304 468
325 477
304 471
297 472
290 472
