112 314
119 360
126 403
136 443
156 478
187 503
225 521
260 536
294 541
327 534
358 517
393 499
423 475
442 441
452 401
460 359
466 318
154 295
177 276
208 269
241 273
272 281
328 282
355 273
385 268
413 273
434 289
300 329
299 353
300 376
300 400
270 424
284 426
298 428
311 427
325 425
195 332
213 317
237 319
254 338
235 345
212 343
339 338
355 318
378 318
397 330
380 342
357 344
239 467
264 462
284 458
295 461
305 459
321 464
343 471
321 477
304 479
294 479
283 479
263 475
247 466
284 468
295 469
305 468
335 470
304 469
294 470
283 469
