158 348
164 383
169 417
177 452
192 480
216 500
247 513
278 523
305 527
332 522
361 511
392 499
418 479
433 449
439 414
443 379
449 343
188 324
204 304
230 295
256 296
282 305
320 305
344 295
369 293
394 300
411 317
301 344
301 365
301 382
300 400
275 422
289 425
301 428
313 425
325 422
220 351
236 344
252 343
266 354
251 358
235 358
336 354
348 342
364 342
380 348
367 355
349 358
267 465
283 456
294 449
302 452
310 449
322 456
341 463
324 469
312 472
302 473
294 473
283 472
275 464
294 457
302 459
310 457
333 460
310 460
302 461
294 461
