116 352
122 391
130 429
140 468
158 502
187 527
220 545
256 560
295 562
331 553
364 534
394 512
418 486
429 452
433 416
435 380
437 343
147 307
171 284
201 276
235 277
267 287
320 287
349 276
378 275
406 281
424 301
294 328
296 353
299 375
300 400
263 423
279 426
297 429
313 425
329 423
185 337
205 328
226 327
244 340
225 342
203 341
338 340
356 328
377 329
392 338
377 343
356 344
227 465
258 454
283 447
298 450
314 448
335 455
362 464
336 479
314 485
298 486
280 486
257 480
238 466
282 463
298 464
313 464
352 466
313 466
297 466
282 465
