152 324
154 363
158 402
165 440
179 472
200 501
227 522
256 539
289 546
321 538
351 520
376 497
398 468
414 436
424 401
431 364
436 327
181 301
200 285
228 283
254 289
279 300
324 301
349 291
374 285
399 290
416 305
302 332
302 355
301 377
299 400
270 419
285 422
299 425
312 423
327 421
211 331
230 325
247 326
262 340
246 341
227 338
339 340
354 327
372 327
387 334
374 342
355 343
236 456
261 449
284 445
296 450
311 446
330 453
349 458
327 472
309 480
294 481
279 479
260 471
244 457
283 460
297 462
310 461
341 459
309 464
294 465
281 463
