176 334
178 368
184 402
189 435
201 466
219 492
244 513
273 530
303 536
335 531
368 517
396 494
418 467
431 432
438 398
443 362
445 328
197 304
212 288
235 285
258 288
277 297
323 299
347 290
370 288
393 289
413 301
302 332
301 354
300 377
300 400
280 420
291 424
302 427
314 424
325 421
220 333
234 323
253 325
268 340
251 342
232 341
341 340
354 324
373 323
388 332
375 341
356 342
260 460
276 452
291 446
302 450
312 447
327 454
348 462
327 474
312 479
300 481
289 479
275 474
268 461
290 460
302 461
312 460
340 462
311 463
301 464
289 462
