165 294
169 332
176 368
185 405
199 438
220 468
244 495
271 516
300 523
329 518
358 498
384 471
407 442
422 407
432 371
438 332
441 295
187 284
201 269
224 265
247 270
268 281
327 282
349 270
372 265
395 270
413 286
298 318
299 346
299 373
300 400
275 410
286 414
300 419
313 414
325 410
216 318
230 311
247 313
261 326
245 329
228 327
337 326
350 313
367 311
383 318
370 326
352 328
247 436
269 436
286 434
300 438
313 434
331 436
354 435
331 457
313 469
299 470
284 468
267 457
256 440
286 446
300 448
313 446
345 438
312 447
299 449
285 446
