159 327
165 367
173 406
180 443
192 477
213 508
241 533
272 553
306 559
340 553
373 536
401 511
422 482
435 447
443 409
450 372
455 332
189 293
206 274
232 266
258 268
281 280
329 280
355 267
383 267
409 278
427 299
302 319
301 346
300 373
300 400
279 418
290 422
301 426
313 422
325 417
219 324
235 311
255 313
270 331
253 333
233 330
341 331
357 314
377 313
393 325
378 333
358 333
250 464
270 454
290 449
303 452
317 449
336 454
357 462
337 483
318 492
302 493
288 491
269 484
258 465
290 463
304 463
317 463
348 464
317 476
303 477
289 476
