152 297
160 333
170 369
180 404
196 438
220 469
246 496
274 518
304 524
334 517
361 494
386 466
408 435
422 401
432 364
440 326
445 289
172 286
196 276
222 276
248 282
272 293
322 292
346 280
371 273
398 273
420 285
298 318
299 345
299 372
300 400
276 412
288 417
301 421
313 416
325 412
205 316
221 306
242 307
259 323
240 328
219 327
338 323
353 307
374 305
390 315
376 326
356 328
250 447
270 444
289 439
302 443
315 439
334 442
354 442
335 462
315 473
302 476
288 474
269 465
258 451
289 454
302 456
315 453
345 446
314 454
301 456
289 454
