175 330
178 369
182 404
189 438
199 471
215 499
237 524
265 540
298 546
330 540
362 524
388 502
409 475
424 445
434 411
442 375
449 338
196 298
214 284
238 277
262 280
286 289
329 289
353 280
378 279
403 285
422 301
306 324
303 350
301 375
300 400
279 418
289 422
300 425
313 423
325 419
224 329
239 320
259 320
273 335
257 338
238 338
342 335
356 321
376 321
390 331
377 339
359 339
260 464
275 452
290 444
301 449
313 445
328 453
342 468
327 481
312 488
299 488
287 487
273 480
269 465
290 463
301 464
312 463
336 467
312 465
301 466
289 464
