125 270
128 319
135 366
144 411
159 452
185 490
216 523
253 549
295 556
336 548
371 520
398 485
421 448
435 406
442 363
449 319
451 273
159 253
184 236
215 234
246 240
274 253
320 251
346 240
375 232
403 235
426 252
299 293
300 329
299 364
300 400
260 401
279 410
299 418
318 411
335 403
194 289
214 279
236 281
254 299
234 298
213 296
337 299
355 282
376 281
395 291
379 297
357 299
222 432
250 427
279 426
297 431
319 427
345 430
372 433
345 468
319 484
296 487
275 484
247 466
230 435
278 438
299 441
319 438
362 436
318 463
297 467
277 463
