186 312
190 345
194 378
200 410
212 439
230 465
251 488
274 508
299 514
324 508
347 487
367 464
386 438
399 410
405 376
409 342
414 307
205 295
219 280
239 275
259 278
277 289
316 287
335 277
354 272
375 276
390 291
296 313
297 339
297 364
298 389
276 395
286 400
297 406
309 400
320 394
231 317
243 311
256 311
267 322
254 322
241 321
328 321
338 310
352 309
364 315
353 320
340 321
249 418
266 416
285 415
299 418
312 414
331 415
351 415
332 446
314 458
300 460
284 458
266 446
256 421
284 424
299 425
311 423
344 418
313 442
299 443
285 441
