142 334
148 374
155 413
164 452
178 486
203 514
233 537
264 557
298 564
328 555
358 536
383 510
405 481
419 446
428 408
435 370
439 332
175 296
196 283
222 280
249 285
273 295
324 293
347 282
372 277
397 280
415 295
299 327
299 352
300 376
299 400
271 419
285 422
298 426
309 424
322 421
203 327
221 316
241 317
256 336
239 336
218 335
338 337
354 318
374 316
391 327
378 336
357 338
234 459
259 450
282 447
296 451
312 449
335 453
357 460
334 492
311 504
294 505
279 503
256 489
241 460
283 457
296 459
312 458
349 463
311 487
294 489
280 486
