191 323
193 354
198 386
204 418
214 448
232 473
253 495
277 511
304 516
329 510
352 493
372 471
387 444
397 413
401 381
405 349
405 316
208 303
221 285
241 279
262 281
281 289
313 288
332 278
352 274
373 280
387 298
297 314
298 338
300 361
301 385
276 393
288 397
300 401
312 397
323 393
230 319
242 311
255 312
267 322
254 321
242 321
328 321
340 309
352 308
365 315
354 317
341 319
252 425
268 417
285 413
298 416
312 413
330 416
347 424
330 445
314 457
300 460
285 457
269 446
257 425
286 424
299 426
312 424
341 425
313 442
299 445
286 442
