179 331
182 363
188 394
197 425
210 453
228 476
250 497
275 513
304 518
331 509
354 492
375 469
392 444
402 414
407 382
411 350
412 316
201 299
216 284
237 280
257 283
276 291
313 287
332 277
353 274
373 275
390 287
296 314
297 338
298 363
299 387
276 400
286 403
298 407
310 402
321 398
227 320
240 311
255 311
267 322
254 323
240 323
328 321
339 308
354 306
366 314
356 319
341 320
251 426
270 424
287 422
299 423
312 421
329 421
348 422
331 446
313 458
300 460
286 459
269 448
257 428
287 431
299 432
312 430
342 424
313 441
299 444
287 442
