177 303
180 338
185 371
192 404
203 436
221 464
244 485
270 502
298 507
326 501
349 482
370 455
386 425
397 389
403 355
407 319
408 284
203 288
220 275
242 274
261 280
279 289
311 289
331 279
351 272
371 270
387 280
299 314
299 337
300 359
301 382
277 397
288 400
301 403
312 399
323 396
226 315
240 307
256 309
267 322
253 325
237 323
328 321
339 306
355 303
369 311
357 320
342 323
257 436
275 429
290 424
301 427
312 423
325 429
340 435
325 449
311 458
300 460
288 460
273 452
264 438
290 437
301 438
311 438
333 437
310 440
300 441
289 440
