186 307
189 339
195 373
203 406
214 438
230 467
251 494
274 512
303 515
330 509
354 493
374 469
390 441
400 409
408 376
413 342
416 309
204 284
218 268
240 263
262 269
281 279
311 276
332 266
353 262
374 268
391 282
296 310
297 336
296 360
297 385
276 403
287 406
297 409
308 405
319 401
226 318
239 308
255 310
267 322
253 325
238 324
328 321
340 308
356 306
368 316
357 322
342 323
251 433
271 431
286 427
299 431
312 426
329 429
349 429
330 448
314 457
300 460
286 459
270 450
259 437
286 440
299 441
313 438
342 433
313 440
299 443
286 441
