155 329
157 363
162 398
170 432
183 462
204 490
230 513
260 531
293 536
324 529
350 508
374 483
392 457
403 426
409 394
413 363
413 332
179 301
196 284
221 281
244 287
267 298
320 296
342 285
365 280
388 283
402 300
295 322
296 348
298 374
300 400
270 413
283 417
298 422
311 417
323 412
207 328
222 317
240 319
256 333
239 335
220 335
329 333
344 318
362 318
377 329
364 335
346 335
235 444
262 445
284 443
298 446
313 442
329 442
350 440
329 459
313 470
297 473
282 472
261 462
243 446
283 453
298 455
313 452
342 444
312 452
297 456
283 454
