157 296
159 333
168 368
176 405
189 440
210 472
236 499
267 520
300 527
332 520
360 498
385 470
403 438
415 401
421 365
427 328
429 293
183 284
202 272
225 270
247 275
268 284
321 283
342 273
365 268
388 268
409 278
297 313
298 342
299 372
300 399
272 409
286 414
299 420
312 415
324 410
211 311
226 300
244 303
257 318
242 320
224 318
333 318
347 303
365 300
379 310
367 318
350 319
245 442
265 438
283 435
297 441
311 435
330 438
350 441
332 459
314 468
298 470
283 469
264 460
252 444
283 448
297 450
312 448
343 444
313 448
297 451
283 449
