164 315
167 354
175 396
185 435
201 473
223 506
247 537
276 560
310 566
345 558
377 535
406 507
429 475
444 438
454 398
459 357
462 317
184 275
203 258
227 254
253 261
276 275
329 278
354 266
381 260
409 264
431 278
301 314
300 343
300 371
300 400
276 421
287 425
300 428
313 425
327 421
210 316
226 305
245 307
262 325
243 327
223 325
347 325
363 309
384 308
401 319
386 328
365 328
250 470
271 459
290 451
304 455
316 451
336 457
357 466
337 484
318 494
303 496
289 496
271 487
258 472
290 470
303 471
317 468
349 467
317 470
303 473
289 471
