153 285
154 325
162 366
169 404
182 439
204 471
230 499
260 520
293 527
327 520
358 502
384 475
406 444
420 408
428 371
436 331
438 293
182 277
203 265
228 265
252 270
274 281
329 280
352 271
374 266
398 267
416 280
301 313
300 342
300 370
300 400
269 408
284 413
298 420
313 415
327 410
212 310
230 302
248 304
262 319
245 320
227 317
337 320
351 305
369 303
386 312
373 319
354 322
236 430
261 435
281 436
295 441
309 439
329 440
353 436
329 456
309 464
293 466
278 463
260 451
243 435
280 446
294 449
310 449
345 440
310 448
294 450
280 446
