178 306
182 341
189 374
196 407
208 436
227 463
249 486
273 503
299 509
325 503
348 486
370 464
388 437
400 407
408 373
413 338
416 302
201 294
216 278
238 272
262 271
283 279
313 279
333 267
356 265
378 272
392 289
297 311
298 335
298 360
298 384
275 393
286 397
298 401
310 396
322 392
225 320
238 314
254 313
267 322
252 325
237 326
328 321
340 311
356 309
369 316
357 321
341 323
250 421
268 414
286 412
299 415
312 412
330 414
350 417
333 444
314 457
300 460
285 457
267 446
257 422
285 423
299 424
312 422
344 419
314 440
299 442
285 440
