185 306
189 341
194 376
199 411
210 443
229 470
250 493
274 513
300 517
327 509
351 487
372 461
389 434
401 402
406 367
410 332
413 295
201 293
216 279
236 278
255 281
273 289
318 285
337 277
357 272
376 273
392 284
298 317
298 345
298 371
299 399
276 407
287 411
299 415
310 411
322 406
225 315
239 306
255 308
267 322
253 322
237 323
328 321
340 306
356 304
368 312
358 319
342 322
252 428
273 432
289 433
300 437
311 433
329 433
349 425
329 448
311 457
300 460
287 458
271 449
258 433
288 441
300 443
312 441
343 429
311 441
299 443
288 442
