185 308
187 342
194 374
201 405
210 436
227 462
247 485
273 502
301 506
328 500
353 483
376 459
393 432
401 399
407 366
413 332
415 298
200 294
217 284
237 284
258 288
277 296
314 292
334 283
355 278
376 279
395 287
296 319
296 342
296 367
297 390
278 402
287 405
297 409
307 404
318 400
225 316
239 309
254 310
267 322
253 325
237 324
328 321
341 308
357 306
370 314
358 321
342 322
263 440
276 433
288 427
298 430
309 426
322 430
337 436
323 449
311 457
300 460
289 459
277 452
269 441
288 439
299 440
309 438
330 437
309 439
299 441
289 439
