188 307
191 343
196 379
202 413
212 446
229 474
250 497
275 514
302 518
328 511
350 491
370 467
384 436
393 402
399 368
404 334
407 300
205 287
220 274
238 272
257 275
275 285
319 283
337 273
355 268
374 270
388 283
298 316
297 340
298 365
298 391
276 403
286 407
298 411
308 407
319 403
227 318
240 309
254 309
267 322
254 325
238 324
328 321
340 307
354 307
367 315
356 321
342 323
252 434
269 428
286 424
298 427
310 423
326 427
344 430
328 448
313 457
300 460
286 458
269 449
258 436
285 438
297 438
311 437
336 434
312 438
298 440
286 438
