157 293
160 332
168 369
176 406
192 441
215 471
241 500
271 521
301 528
330 519
356 494
378 468
400 439
415 407
423 371
429 336
433 299
185 287
206 275
230 274
254 280
276 291
324 290
346 279
369 273
393 275
412 288
299 318
299 346
300 373
300 400
270 406
284 411
298 416
313 411
326 406
213 314
229 307
246 309
260 322
244 320
227 319
336 322
350 309
367 308
383 316
369 321
352 322
239 430
261 423
282 422
298 425
313 421
335 423
356 427
337 456
316 469
299 472
283 470
260 458
247 432
282 435
298 436
314 434
349 430
314 450
299 453
283 451
