143 307
146 350
154 391
159 430
170 467
195 499
224 525
258 545
296 553
333 546
366 525
394 499
414 467
425 429
432 391
441 352
445 312
172 282
192 268
219 265
245 268
272 278
327 279
351 269
376 263
401 267
419 283
298 317
299 346
300 373
300 400
269 414
284 418
299 423
314 419
327 416
204 321
221 313
240 314
256 328
238 328
218 326
339 328
353 316
373 315
389 323
373 330
355 331
237 449
260 441
281 436
297 440
314 438
333 443
353 452
333 479
314 491
296 493
278 490
257 476
246 452
280 449
297 451
313 450
344 454
313 470
296 472
279 469
