183 321
185 353
191 383
197 413
207 442
224 467
246 487
272 500
301 505
327 498
351 482
371 461
385 436
394 408
398 378
399 349
397 319
204 295
220 282
239 279
259 282
277 290
315 289
333 280
351 277
371 279
385 290
298 315
298 338
299 360
299 383
277 394
287 398
300 402
311 397
321 392
228 319
240 311
254 311
267 322
254 322
240 322
328 321
341 309
354 308
366 315
355 319
342 320
249 420
267 416
286 414
299 418
312 413
329 414
346 417
331 443
314 457
300 460
286 458
266 447
254 422
286 424
299 426
313 424
341 421
313 441
299 443
285 442
