193 301
197 335
205 368
213 399
223 430
238 458
255 481
277 497
302 502
327 496
348 481
367 457
381 429
391 398
398 365
403 331
405 297
207 288
222 278
241 277
259 283
277 292
314 289
332 280
350 274
369 274
386 283
296 316
297 342
297 368
297 393
279 403
289 408
299 413
309 408
319 403
227 316
239 307
255 308
267 322
253 325
238 324
328 321
339 307
355 305
367 314
357 322
342 323
263 435
276 430
289 428
300 432
310 429
322 431
336 436
323 451
310 458
300 460
288 458
275 450
269 436
289 439
300 441
310 440
331 437
310 441
299 443
288 440
