151 291
152 331
154 372
158 413
169 451
192 483
222 511
255 532
292 540
328 533
361 512
389 485
411 453
422 415
430 374
435 336
437 297
186 280
210 270
236 273
260 284
282 295
318 295
342 283
366 275
391 274
411 286
299 325
299 350
300 374
300 400
270 414
284 418
297 422
311 419
323 415
216 317
232 312
249 316
262 330
246 329
229 326
333 330
347 316
364 314
380 320
366 327
350 330
239 445
262 445
282 442
296 446
309 442
327 445
348 446
328 468
310 478
296 480
281 478
261 468
247 449
281 456
295 457
309 455
339 449
310 459
296 461
282 460
