184 309
188 343
195 376
203 409
215 440
231 467
253 491
277 509
303 515
330 510
355 493
376 471
393 444
404 415
409 382
413 348
415 312
204 292
220 280
241 277
262 280
281 287
312 285
332 277
353 273
374 276
393 287
298 314
298 340
299 365
299 390
279 403
289 407
299 410
310 407
320 403
227 320
239 309
254 310
267 322
253 325
238 324
328 321
341 307
356 306
370 315
358 322
342 322
264 442
277 433
290 429
299 432
307 429
322 434
338 441
322 453
309 458
300 460
290 459
277 453
270 442
290 442
300 444
309 442
332 441
308 441
299 444
290 442
