182 301
187 336
193 370
201 403
212 433
231 458
252 479
277 497
302 503
328 498
352 479
375 458
393 433
403 404
410 370
414 335
417 298
203 292
219 282
239 281
259 285
278 294
312 292
331 283
352 279
373 281
392 292
295 316
296 341
298 365
298 390
276 400
287 403
298 407
310 403
321 399
224 314
237 306
254 307
267 322
252 323
236 322
328 321
340 307
356 306
371 313
358 320
343 322
253 425
270 424
287 423
298 426
310 423
328 424
347 424
329 448
312 458
300 460
287 458
270 446
259 427
287 428
298 430
310 428
341 426
311 443
299 446
287 443
