156 280
159 321
167 362
177 401
190 439
212 474
238 505
267 531
299 540
334 534
367 511
396 483
419 448
433 408
441 366
449 324
452 282
177 267
196 254
222 252
246 257
267 269
328 267
352 256
378 252
404 254
427 268
299 302
299 335
299 367
300 400
270 408
284 414
299 420
315 414
329 409
205 298
221 287
242 290
257 308
239 308
218 307
341 308
357 291
377 288
394 299
381 307
361 309
238 436
262 434
282 433
298 438
317 434
338 437
363 439
340 467
317 481
297 483
279 480
259 465
247 440
282 445
298 448
317 447
354 443
316 459
297 462
280 458
