191 300
193 335
196 370
202 404
214 435
231 461
252 485
276 504
302 510
328 503
353 482
376 458
395 431
407 398
414 363
419 327
421 291
205 289
220 274
240 274
260 278
279 287
315 285
334 273
355 267
376 268
392 281
296 312
296 336
296 360
297 384
276 396
287 399
297 402
308 398
318 393
228 316
242 308
256 310
267 322
254 325
239 323
328 321
340 306
356 304
368 311
357 321
342 323
252 425
272 424
287 421
298 423
311 419
328 419
347 418
329 444
313 456
300 460
287 458
271 448
258 427
287 428
298 428
310 425
341 422
312 441
299 445
287 443
