186 308
191 343
196 376
204 409
216 439
233 467
255 491
278 509
304 514
329 507
349 485
367 460
382 432
392 401
398 369
404 335
407 301
208 293
223 281
240 277
259 279
276 287
315 287
333 277
352 273
372 275
388 288
297 315
298 341
298 367
298 393
276 404
287 407
298 409
308 406
319 402
229 317
241 309
255 311
267 322
253 324
239 323
328 321
341 308
354 307
368 313
356 319
342 321
252 429
270 428
287 426
298 428
309 426
325 426
345 425
327 446
312 457
300 460
288 458
271 448
259 433
286 437
298 438
310 436
337 429
311 439
300 441
288 439
