176 296
178 328
184 360
192 391
203 422
222 449
245 474
271 494
299 500
325 493
350 471
372 446
389 416
399 385
407 352
413 318
414 285
200 290
218 280
238 279
258 282
276 290
317 291
335 280
355 274
376 274
394 284
299 318
300 344
301 369
302 395
278 404
288 408
300 412
311 407
322 403
224 315
238 307
255 309
267 322
252 324
236 323
328 321
340 306
357 303
371 310
360 318
343 321
257 432
274 429
289 426
299 430
310 425
324 428
338 430
324 447
311 458
300 460
288 458
272 448
264 435
289 439
300 440
310 438
331 433
311 439
300 441
289 439
