169 290
172 330
179 370
188 408
203 443
225 475
248 504
274 529
306 538
340 530
372 509
402 480
427 449
446 412
457 372
467 329
471 284
185 277
204 263
229 263
253 269
277 281
329 281
354 270
380 263
408 264
432 275
303 317
301 345
301 372
300 400
274 411
287 416
302 420
317 416
333 411
216 314
231 304
252 307
267 323
249 325
229 323
347 324
361 308
382 305
400 315
385 323
365 325
248 441
269 438
288 437
302 441
316 438
340 440
368 442
341 466
317 480
302 481
286 478
267 466
257 444
288 446
302 449
316 449
358 445
316 461
302 463
287 460
