177 303
180 340
188 376
198 411
211 443
230 473
251 500
276 520
306 527
337 520
365 501
390 474
410 443
425 410
435 374
442 337
446 299
192 275
208 259
230 253
253 256
273 265
327 262
350 254
375 253
398 258
417 275
302 309
301 340
299 370
300 400
276 409
288 414
300 418
314 414
326 409
216 310
232 300
250 303
267 317
250 319
231 319
339 318
355 303
373 302
388 311
376 319
358 321
252 436
273 435
290 433
303 437
315 433
333 436
357 436
334 457
316 466
301 468
289 467
273 457
259 440
290 445
302 447
316 445
347 440
316 447
302 450
290 447
