184 300
188 334
194 368
201 401
211 434
226 463
246 487
270 505
296 508
322 503
345 483
364 459
378 430
386 398
392 366
397 334
399 301
206 287
223 276
245 277
264 282
284 291
315 292
333 283
351 277
370 275
386 286
298 316
299 339
299 361
300 384
282 398
291 402
300 405
308 402
316 397
230 315
242 309
256 311
267 322
254 325
240 324
328 321
338 310
352 309
363 315
354 323
340 324
262 438
276 429
289 423
300 427
309 423
321 428
333 436
322 450
310 458
300 460
289 459
275 453
268 439
289 437
300 438
309 437
327 437
309 437
300 439
289 438
