140 305
141 345
144 383
152 423
164 462
186 494
216 522
252 546
290 558
330 553
366 535
397 509
420 477
435 439
444 398
451 357
455 314
172 288
193 273
220 269
247 276
272 289
322 288
349 276
376 272
404 277
425 294
298 316
299 343
299 371
300 400
268 411
283 417
297 422
313 418
327 412
203 317
222 310
241 312
257 326
238 326
219 325
338 326
356 313
375 313
392 322
376 327
357 328
231 447
257 442
280 438
297 441
313 438
335 441
362 449
338 465
314 473
297 475
279 473
256 466
238 450
279 453
296 453
313 451
354 451
314 455
298 458
281 456
