173 300
175 336
183 370
189 406
200 439
221 469
247 493
277 515
309 522
343 515
373 495
403 470
426 443
438 409
444 372
448 334
448 297
189 281
208 267
234 267
258 273
280 285
317 284
341 273
367 268
393 269
416 281
299 318
300 345
299 372
300 400
278 414
290 417
301 421
315 417
327 413
220 313
234 305
253 308
267 324
249 326
232 323
338 324
351 309
370 307
386 315
373 325
354 327
261 448
279 443
293 440
306 444
316 439
331 442
351 445
333 459
318 467
306 469
293 467
279 461
268 450
293 451
306 452
317 450
343 447
317 451
306 453
293 451
