164 291
168 328
174 364
183 397
198 428
220 454
244 479
271 498
299 503
326 495
350 476
374 451
396 426
409 394
417 361
424 326
429 290
192 290
213 282
235 283
257 287
279 294
315 292
336 285
359 280
384 279
404 288
297 316
296 339
297 363
297 386
274 396
286 400
298 403
310 399
321 394
219 314
235 307
252 309
267 322
250 324
233 322
328 321
343 307
360 305
376 312
362 319
346 322
248 426
267 421
286 418
298 420
312 417
330 419
351 421
332 445
314 457
300 460
286 458
267 447
256 428
285 427
298 427
312 426
344 424
313 439
299 442
285 440
