133 303
138 348
145 391
155 435
172 474
198 508
227 538
261 560
301 566
338 556
372 530
401 499
425 465
440 427
448 385
454 343
459 301
157 276
180 258
209 254
239 259
268 269
319 267
347 257
376 252
404 256
425 271
297 309
297 339
298 368
300 400
263 411
281 416
297 421
313 416
329 411
194 311
214 302
235 305
252 319
232 319
212 317
336 319
353 304
374 304
393 310
377 317
356 320
231 449
254 438
278 435
296 440
315 436
341 439
364 447
343 477
318 494
297 497
278 494
253 480
238 450
277 451
296 452
316 451
356 450
317 474
297 477
278 473
