156 283
160 327
169 368
179 410
192 451
212 489
238 522
268 549
306 557
343 547
377 523
405 492
429 454
443 414
453 371
463 327
469 283
178 271
197 255
222 252
249 254
275 264
333 266
359 257
389 254
416 258
438 273
303 307
302 339
301 369
300 400
272 412
286 417
301 422
317 417
332 413
208 306
226 297
246 300
262 317
244 319
222 317
347 318
364 301
384 300
402 310
387 319
366 320
244 444
267 442
287 439
302 444
318 440
341 443
367 444
343 474
320 488
303 490
285 487
265 473
252 449
286 451
302 453
319 451
357 449
319 465
302 469
286 466
