171 305
174 341
179 376
186 412
200 443
222 472
247 498
273 518
300 524
328 520
359 501
387 478
411 450
426 418
436 383
443 347
447 311
193 293
211 280
236 277
259 282
280 293
328 294
350 284
375 282
400 286
421 300
302 323
301 349
300 374
300 400
276 409
288 413
300 416
314 413
326 410
221 322
238 315
255 318
268 331
251 332
235 329
342 331
356 320
373 319
390 325
375 331
358 333
243 428
265 426
284 426
301 430
318 426
338 428
363 430
339 455
318 468
299 469
283 466
263 453
251 431
284 437
300 440
317 438
355 433
317 448
300 450
283 447
