132 308
139 351
148 393
158 435
174 474
197 508
225 538
261 559
300 566
336 556
368 533
393 504
413 471
426 433
435 395
440 355
444 316
161 285
182 264
212 258
242 260
271 270
319 269
347 259
376 256
404 261
424 280
297 312
299 342
299 371
300 400
267 418
281 423
297 427
312 423
327 420
196 317
215 306
236 308
252 323
234 325
213 324
339 323
356 308
376 306
392 318
378 325
358 326
239 465
261 457
283 453
297 457
311 455
330 460
352 465
331 489
312 503
295 504
279 502
259 490
247 467
282 465
297 467
311 466
342 467
311 479
295 483
281 479
