162 302
166 339
173 376
183 413
198 446
220 478
244 508
270 531
301 539
332 533
363 511
390 484
413 453
429 417
439 380
445 342
448 304
187 289
205 273
230 271
255 276
277 286
329 284
353 274
378 269
403 273
423 289
302 314
302 343
301 371
300 400
272 407
286 412
301 417
316 412
331 408
216 316
231 307
249 309
262 322
246 323
229 321
344 322
358 309
375 308
392 315
378 321
360 322
243 435
263 430
284 428
299 431
315 428
339 430
362 435
341 466
318 479
300 482
283 479
262 464
249 437
284 439
300 442
316 439
355 438
317 458
300 461
283 457
