158 300
162 338
169 375
180 411
195 445
216 477
239 509
265 534
297 542
329 537
360 516
388 487
411 454
427 419
439 381
448 341
452 301
179 287
197 271
224 267
251 270
277 280
320 281
346 269
374 265
403 270
424 286
298 311
299 341
299 370
300 400
272 411
285 417
299 423
314 417
327 410
209 313
225 303
245 303
260 319
242 322
222 322
341 319
355 304
377 302
393 313
378 322
358 322
245 444
265 445
285 442
298 447
310 444
331 446
353 446
331 471
310 483
296 484
282 482
263 469
253 450
284 459
298 460
310 460
344 452
310 460
297 461
283 459
