188 307
192 341
198 375
206 407
219 435
237 461
256 485
279 505
303 512
328 505
351 485
371 461
390 436
401 405
406 371
410 337
411 302
206 295
221 282
240 278
259 283
277 291
315 288
333 278
352 274
373 276
389 289
295 316
295 342
296 366
297 390
276 399
286 403
298 408
310 403
321 398
230 317
242 308
256 310
267 322
255 322
241 321
328 321
339 307
353 305
366 313
355 317
342 319
257 425
272 422
287 419
298 421
310 418
328 420
346 423
329 447
312 458
300 460
288 458
272 447
262 427
287 430
299 432
311 430
340 425
312 440
300 442
288 440
