135 298
141 341
150 382
160 422
175 461
199 496
229 528
265 553
301 561
337 551
371 527
399 496
420 460
433 421
441 380
449 338
452 296
162 282
181 264
209 260
236 264
263 273
329 269
354 259
381 255
408 261
428 278
297 310
298 340
299 370
300 400
269 412
283 416
299 421
313 416
327 412
196 314
214 305
235 307
251 320
232 323
212 322
339 320
354 305
375 303
394 312
377 319
358 320
234 448
258 442
280 440
296 443
313 441
335 444
361 450
339 479
315 494
297 496
281 494
257 479
244 453
281 456
296 458
313 456
351 452
315 471
298 474
281 471
