183 314
182 346
183 380
187 413
199 445
218 473
243 498
270 520
301 529
333 525
363 505
392 482
415 454
430 420
438 383
443 349
445 313
196 292
213 279
236 280
259 284
280 293
325 291
349 281
374 277
400 281
419 296
301 317
300 344
301 371
300 400
272 403
286 409
299 414
316 410
329 405
220 316
236 308
254 310
267 325
251 324
233 322
340 325
356 310
373 309
389 319
375 323
357 325
242 428
266 426
286 426
301 429
317 427
340 427
365 429
340 457
317 467
300 468
284 466
264 454
251 431
286 433
301 437
317 435
357 432
317 450
300 452
284 450
