172 301
176 338
182 373
187 407
197 438
216 464
241 487
268 506
299 511
329 504
354 485
375 460
392 431
401 398
407 363
412 326
414 289
198 291
218 279
239 277
259 281
280 288
315 288
334 281
353 275
374 275
391 285
298 314
300 339
301 364
302 387
277 399
289 403
300 406
312 403
322 398
227 316
240 309
255 311
267 322
252 324
238 323
328 321
340 308
355 307
368 313
357 319
341 321
248 427
267 422
287 420
299 424
312 420
329 422
345 426
329 448
313 457
300 460
285 457
267 448
256 429
286 434
299 436
311 435
338 429
312 438
300 440
285 437
