160 309
163 349
170 387
178 423
192 455
214 485
239 511
270 534
303 543
337 536
368 514
396 488
419 458
433 423
440 385
445 347
447 308
185 290
203 275
228 272
253 277
276 288
321 288
345 279
369 274
396 277
418 292
298 312
298 341
299 371
300 400
272 411
286 415
300 419
314 414
328 408
211 315
228 305
246 306
261 321
244 322
226 321
338 321
354 306
372 304
388 315
374 320
356 321
241 441
265 439
287 435
302 438
318 433
340 434
364 436
342 466
320 481
303 485
287 483
265 469
248 444
287 447
302 448
318 445
357 439
319 461
303 465
287 463
