137 310
142 350
148 390
157 429
171 467
195 500
226 530
260 553
298 560
333 552
366 528
395 499
419 465
434 428
441 389
448 348
451 308
167 286
187 268
215 263
242 266
268 277
328 273
355 264
383 262
410 269
427 289
298 315
299 344
299 371
300 400
268 416
282 421
297 427
312 423
326 418
200 321
217 309
237 311
256 326
236 330
214 329
336 327
353 311
375 309
393 321
377 329
355 329
228 452
255 447
279 444
295 448
311 443
333 447
358 452
333 472
312 482
295 485
278 482
255 471
239 456
278 461
295 462
312 460
349 455
311 461
295 464
278 462
