153 295
156 336
165 377
174 414
190 450
212 481
240 508
271 527
306 532
339 523
370 500
394 472
414 442
428 408
436 370
443 331
445 293
178 282
201 267
229 265
255 271
279 283
323 282
349 271
373 265
400 267
420 279
302 315
301 343
301 371
299 400
276 414
289 418
301 422
315 417
327 412
212 312
229 303
250 304
265 322
247 321
226 320
340 322
355 303
374 302
391 310
378 320
358 321
253 456
273 447
289 441
302 447
315 442
331 447
350 453
332 467
316 475
302 478
288 477
272 471
260 456
289 457
302 458
316 456
343 454
315 458
301 460
288 458
