182 311
186 344
191 378
198 409
209 440
227 466
249 488
275 505
303 510
328 503
350 483
370 457
386 430
395 400
401 367
405 336
406 303
205 286
218 272
236 269
255 272
273 281
317 279
333 270
350 266
368 266
384 277
297 314
297 339
298 363
299 388
278 401
288 404
298 407
309 404
319 401
229 316
241 309
255 310
267 322
254 324
240 322
328 321
338 309
351 307
364 314
354 321
340 322
256 430
272 428
287 426
299 431
310 426
324 428
340 428
326 447
312 457
300 460
288 459
271 449
263 433
287 439
299 441
311 438
333 431
311 438
299 441
287 439
