187 300
189 333
196 366
202 399
213 431
231 457
251 482
275 501
298 507
321 500
344 482
366 458
383 430
394 398
399 363
405 330
409 296
206 288
220 276
239 275
258 280
277 288
316 285
334 276
353 274
372 275
388 283
297 315
296 340
296 365
297 390
278 403
287 406
296 410
307 405
316 402
229 316
242 308
256 309
267 322
255 323
240 323
328 321
339 309
352 308
364 315
355 320
341 322
258 431
276 429
290 425
298 428
307 424
321 428
338 427
323 448
309 458
300 460
290 459
276 450
265 434
290 438
298 439
307 437
331 432
308 438
298 439
290 439
