189 316
190 347
194 378
201 410
212 439
231 467
250 492
274 512
303 518
331 511
356 492
376 466
394 439
405 409
411 377
414 345
415 313
205 289
218 275
236 272
254 276
272 284
319 283
336 274
353 270
372 270
388 282
295 314
295 340
295 364
296 389
274 398
284 403
296 408
309 402
321 398
226 318
240 309
255 310
267 322
253 323
238 323
328 321
340 311
355 308
368 316
357 321
342 323
249 423
268 420
285 419
298 422
313 419
332 419
353 422
334 446
314 458
300 460
284 458
267 446
255 426
284 428
299 429
312 428
347 425
313 443
299 445
285 442
