172 312
175 347
181 381
187 415
199 446
219 473
244 497
272 519
301 527
331 520
359 500
383 475
403 448
416 416
422 381
428 345
431 310
195 301
213 288
236 286
258 292
280 301
322 302
342 292
365 286
388 289
407 302
301 322
300 347
300 374
299 400
272 407
285 412
300 417
315 412
327 407
220 326
235 318
250 319
264 329
249 330
233 329
336 329
350 318
365 318
381 324
366 328
352 329
241 428
262 430
283 431
300 434
316 431
338 430
361 427
341 456
318 470
300 472
282 470
261 456
248 432
282 442
299 444
316 442
354 431
318 449
300 452
283 448
