181 308
183 344
189 377
196 409
210 438
230 464
252 487
276 507
300 512
323 503
345 480
364 456
381 430
393 401
398 368
401 337
400 305
203 294
220 281
240 278
260 282
279 291
319 289
335 278
354 273
374 274
389 288
298 317
299 343
299 368
299 392
277 401
288 404
300 409
311 403
322 400
229 317
242 309
256 310
267 322
254 322
240 321
328 321
340 307
354 305
367 312
356 317
342 319
251 424
269 422
287 420
299 422
310 419
326 419
344 420
328 444
312 457
300 460
287 459
270 448
257 426
287 430
300 431
311 429
338 423
311 440
300 442
287 441
