163 300
164 342
169 385
176 426
190 464
213 498
239 529
271 556
307 568
347 563
388 542
424 513
452 478
468 437
478 391
487 346
490 300
184 276
204 261
230 261
257 267
282 279
335 277
364 263
395 256
426 259
452 276
305 314
304 342
301 370
300 400
272 417
287 422
303 427
320 422
340 419
209 310
227 300
250 303
269 321
247 322
225 320
355 321
376 302
400 300
420 311
402 321
378 323
236 453
261 450
285 448
304 454
323 451
353 455
387 457
354 489
324 501
304 503
284 499
260 484
245 456
285 460
303 464
322 463
378 460
323 482
304 483
285 478
