145 299
151 339
160 380
168 418
181 455
201 487
229 516
262 537
298 545
332 537
365 514
390 485
411 453
424 417
434 379
443 341
448 300
172 278
191 263
219 261
245 267
270 279
334 280
358 268
382 262
407 265
426 280
300 316
300 344
299 371
300 400
271 412
285 417
300 422
314 416
327 411
205 320
223 309
244 312
259 327
240 329
220 328
339 327
356 312
377 310
394 320
379 328
359 329
242 448
268 445
288 442
301 445
315 441
332 442
352 445
334 469
316 482
301 485
286 483
265 473
252 452
287 458
301 458
315 456
342 450
315 458
301 461
287 459
