140 273
144 317
154 361
162 401
176 439
199 474
228 506
262 529
300 534
336 525
367 500
393 472
415 440
429 402
438 361
446 319
449 278
172 271
196 258
225 259
252 266
276 279
325 273
350 263
376 257
401 257
422 270
301 309
300 340
300 370
300 400
271 408
285 414
299 419
313 414
325 408
204 306
222 296
243 299
260 315
241 319
219 316
339 315
356 298
376 297
393 307
378 317
358 319
241 444
267 444
286 440
298 443
312 439
329 443
351 441
330 460
314 470
300 472
286 472
266 464
250 447
286 452
299 453
312 451
343 445
313 452
300 454
287 452
