159 317
163 354
168 389
175 423
186 456
206 484
233 509
265 528
299 534
333 528
361 509
384 484
403 455
413 424
419 389
423 356
427 323
189 298
208 286
231 286
254 290
277 302
322 301
343 290
365 285
389 285
407 298
298 328
299 353
299 376
300 400
274 418
286 422
298 424
311 421
322 417
210 326
227 317
247 319
261 335
244 337
224 335
335 336
350 319
370 317
385 326
372 336
353 338
239 445
263 445
284 443
298 447
311 443
331 444
356 442
333 463
314 475
299 476
284 476
263 465
247 448
283 456
297 459
311 456
347 446
312 457
298 460
284 459
