188 310
192 344
198 378
205 411
214 441
230 471
250 495
275 512
302 518
328 509
352 489
371 465
383 435
390 404
396 370
400 338
402 304
206 289
221 275
241 272
260 276
278 284
319 282
335 273
352 269
370 271
384 285
298 312
300 337
300 363
302 387
278 394
289 399
300 404
311 400
321 395
231 317
242 309
256 310
267 322
254 324
241 323
328 321
339 308
353 307
365 314
354 320
342 322
250 418
269 417
286 416
299 419
312 417
328 418
345 419
330 446
314 458
300 460
286 458
268 445
255 421
287 426
299 429
312 428
341 422
312 442
299 445
285 442
