140 322
144 361
152 399
158 436
170 471
193 500
223 523
258 541
293 547
329 542
360 525
387 503
407 473
418 438
427 401
435 365
438 327
181 286
200 270
227 264
253 268
277 278
325 277
349 267
374 266
399 274
416 292
301 316
300 344
300 371
300 400
273 413
286 419
300 423
312 419
324 414
211 322
229 312
248 312
262 327
246 329
227 328
335 327
351 313
370 312
385 323
371 328
352 329
239 451
264 445
286 442
300 446
313 443
332 446
351 452
332 470
315 479
299 481
284 479
262 470
247 454
285 458
299 459
313 459
343 454
314 461
299 463
285 461
