157 302
158 342
164 381
170 420
181 458
197 492
223 522
255 545
291 554
327 545
361 523
391 495
412 461
427 425
436 386
445 347
451 307
182 282
202 266
228 263
254 269
278 280
335 281
359 269
384 265
410 268
429 286
304 313
302 342
301 371
300 400
270 409
283 415
298 421
314 416
328 411
212 314
228 308
246 309
261 323
243 323
226 320
346 323
363 311
381 309
395 318
382 324
365 325
235 437
259 436
280 435
298 440
315 438
335 439
358 442
335 470
313 483
294 485
275 482
255 467
242 441
279 448
297 451
315 450
351 446
314 463
295 465
277 461
