177 306
179 339
184 372
189 406
203 435
224 461
247 484
273 504
301 509
329 501
354 481
377 458
397 433
408 403
412 370
415 336
418 303
197 292
213 280
236 279
257 282
277 290
316 289
338 281
360 278
381 278
398 290
297 315
296 342
296 368
295 394
270 400
283 405
296 410
310 403
324 397
224 317
239 310
254 311
267 322
253 322
237 321
328 321
341 310
357 309
371 314
358 319
343 321
242 421
262 419
283 420
298 423
315 418
336 416
358 415
338 443
317 456
300 460
282 458
262 447
250 423
283 429
298 431
315 427
351 419
317 439
300 442
283 440
