197 302
201 339
206 376
212 410
224 441
240 468
259 492
280 515
305 523
330 516
355 495
376 470
394 439
405 405
409 368
414 330
415 289
208 289
221 276
239 275
256 277
274 284
312 283
331 273
352 270
372 271
390 282
295 315
295 344
296 372
296 399
278 405
288 410
298 415
308 409
319 404
231 316
243 307
256 309
267 322
254 324
242 322
328 321
339 307
353 304
365 312
355 319
341 321
257 430
273 428
287 426
299 429
309 426
326 426
347 426
327 447
312 456
300 460
288 458
273 449
263 433
288 440
299 442
311 439
340 429
311 437
299 440
288 438
