160 317
166 358
175 397
185 435
197 474
219 507
246 538
277 559
313 566
349 558
384 537
413 508
434 475
447 435
455 395
462 355
468 313
179 285
197 269
223 268
248 271
273 282
334 283
360 273
387 266
416 268
439 284
303 315
302 343
301 371
300 400
275 416
287 421
302 424
316 421
330 416
208 322
225 308
246 310
262 324
243 328
224 328
350 324
366 310
387 308
405 321
388 328
368 328
249 464
270 457
291 451
305 455
319 450
341 456
367 460
344 491
322 503
307 504
292 503
271 492
259 467
291 462
305 464
320 461
357 464
321 480
306 483
292 482
