181 314
182 349
187 384
194 417
205 448
223 476
246 499
272 520
300 528
330 522
357 502
381 477
400 451
413 421
421 387
426 352
429 315
198 294
213 281
235 282
255 290
273 302
322 303
343 293
365 287
388 288
405 301
299 329
299 354
299 376
300 400
277 407
288 412
300 416
312 412
323 408
223 326
236 317
253 320
266 335
250 336
234 334
333 336
346 322
363 319
377 328
365 336
348 337
252 436
271 431
288 428
300 431
313 429
331 431
348 435
331 459
314 470
301 472
286 469
270 459
259 438
287 440
300 442
312 440
342 437
314 451
300 454
287 451
