164 306
167 343
173 379
181 415
194 451
214 481
239 509
269 529
301 535
333 530
364 511
391 487
413 458
427 425
437 389
444 353
448 317
188 291
207 276
233 272
257 277
281 289
328 289
353 276
379 273
404 278
424 294
303 321
302 347
301 373
300 400
274 412
287 417
300 421
314 418
327 414
216 321
233 311
252 312
265 329
248 331
230 330
344 329
360 314
379 311
395 322
381 331
362 332
249 449
271 445
287 440
298 444
311 441
329 445
350 451
330 466
313 473
299 474
286 473
270 466
258 451
287 453
298 454
312 453
343 453
312 453
299 455
288 453
