153 344
155 380
162 415
170 450
185 482
208 512
236 536
269 556
304 562
339 557
372 539
401 516
424 488
439 455
446 420
450 384
452 346
177 310
193 290
221 280
251 282
277 292
323 290
349 280
379 278
406 287
425 307
300 326
300 351
299 375
300 400
272 417
285 422
300 426
316 422
329 417
210 333
226 323
247 324
264 338
245 340
226 339
341 338
358 323
377 323
393 334
378 340
359 340
237 454
262 447
286 445
302 448
319 445
344 448
370 454
346 482
321 494
302 496
284 494
260 482
246 458
285 457
301 458
319 457
361 456
321 478
302 479
285 477
