172 313
173 348
178 385
184 420
195 454
214 484
237 512
265 534
297 543
332 537
366 516
396 491
420 461
434 427
440 390
445 352
448 315
187 289
205 274
229 269
253 275
274 286
324 286
347 275
373 271
398 276
417 290
300 318
300 346
299 372
300 400
273 411
286 416
299 421
313 416
326 412
215 318
231 308
250 311
264 327
247 327
229 325
338 327
354 313
372 311
387 321
374 327
356 328
246 443
268 439
286 437
299 442
315 439
334 442
359 447
334 464
314 473
298 474
283 472
265 464
255 446
285 452
299 454
315 453
348 449
314 452
298 454
285 452
