200 312
200 345
204 378
209 410
217 442
231 470
250 494
274 510
299 515
324 509
348 491
370 465
384 435
390 401
394 365
399 332
401 297
210 284
226 272
244 272
261 277
278 287
315 288
331 276
349 270
366 270
382 281
298 315
298 338
298 362
300 385
283 401
292 403
300 407
307 404
314 400
232 316
243 309
257 310
267 322
255 325
242 323
328 321
339 309
352 308
363 315
354 323
341 324
266 440
280 431
292 426
299 429
308 426
319 431
332 439
318 452
308 458
300 460
291 458
279 453
272 441
292 440
300 440
309 440
325 440
308 439
299 440
291 440
