150 303
153 342
160 381
169 418
182 453
206 482
235 507
267 527
300 533
333 524
360 502
387 476
408 446
420 412
428 376
433 340
435 303
177 293
198 279
225 280
250 285
275 295
319 295
341 284
365 279
390 279
409 291
296 323
297 349
299 374
299 400
273 412
285 416
298 419
311 415
323 410
209 324
225 317
244 319
257 332
241 335
222 333
334 332
348 319
366 317
380 324
368 333
350 334
241 444
265 441
286 439
300 442
315 438
332 439
352 440
333 465
316 477
300 480
284 480
263 468
249 447
286 447
301 449
315 445
345 443
315 461
300 464
285 463
