147 329
148 369
153 407
159 446
172 482
194 512
221 540
255 560
293 567
331 561
365 541
396 513
419 484
432 448
441 410
445 375
447 339
182 301
203 286
229 283
256 288
280 298
319 299
344 290
371 284
396 288
417 303
300 330
300 353
300 376
300 400
271 424
284 427
298 430
310 426
323 423
207 334
225 325
244 326
261 341
242 342
223 341
336 341
353 327
373 326
389 336
374 342
355 342
234 461
260 456
284 450
298 455
313 451
335 457
358 462
334 478
313 487
296 489
281 487
259 478
243 462
283 467
298 469
313 467
349 463
313 468
298 469
283 467
