145 284
149 329
154 373
159 413
174 450
198 481
226 508
260 529
295 537
330 529
361 509
389 482
413 453
428 416
435 376
439 334
443 290
174 283
198 269
226 270
252 279
277 293
319 291
344 280
369 274
395 273
417 285
298 321
299 347
300 374
299 400
266 412
283 417
298 422
314 417
328 412
206 311
225 304
245 308
261 325
243 326
221 322
335 326
352 309
372 308
388 315
374 325
354 326
233 439
260 442
283 444
297 447
313 443
333 444
357 440
335 461
314 472
298 475
281 473
259 463
242 443
282 454
297 456
312 453
349 443
312 453
298 457
282 454
