160 294
163 330
170 366
180 402
195 436
217 468
242 496
270 516
302 521
333 516
359 495
384 466
403 434
416 400
424 365
429 329
430 293
183 293
202 277
227 274
253 279
276 290
318 288
341 278
366 271
391 274
412 287
297 319
298 346
298 373
300 400
275 411
287 415
300 420
311 414
323 410
214 318
230 309
249 310
261 325
246 328
228 326
335 325
348 310
366 307
382 316
370 325
351 327
258 450
273 443
289 439
302 442
314 438
329 442
344 449
330 466
315 474
301 477
287 475
271 467
264 451
288 452
301 453
315 451
337 451
315 454
301 457
288 455
