169 310
170 345
176 379
185 412
200 442
221 468
245 491
272 510
300 517
327 511
351 493
373 471
395 446
408 415
417 381
422 346
423 312
194 288
212 275
235 273
257 276
277 286
316 285
336 277
358 274
378 277
396 288
297 317
298 339
298 362
299 384
277 403
288 404
298 407
309 404
320 402
224 315
237 308
253 309
267 322
252 323
235 322
328 321
341 309
356 307
370 314
359 322
343 323
248 430
269 428
288 425
299 429
312 425
329 428
348 430
330 448
312 457
300 460
286 458
268 448
256 432
287 437
300 439
313 438
340 433
312 439
299 440
287 438
