179 304
183 338
191 371
197 402
209 431
227 456
249 479
274 497
301 502
327 495
352 477
373 453
391 426
401 395
407 362
414 329
417 294
198 290
213 278
235 276
255 278
275 286
315 284
336 275
357 272
378 275
396 285
295 316
296 341
296 366
297 391
276 403
286 407
297 410
308 406
319 401
224 317
238 308
255 308
267 322
253 326
236 325
328 321
341 306
357 304
370 313
359 321
343 323
260 436
276 432
290 426
300 430
310 427
323 431
339 434
325 449
311 457
300 460
289 458
275 451
267 437
289 439
300 440
310 439
333 436
310 439
299 440
289 439
