138 279
142 322
149 364
159 404
174 442
199 477
229 508
262 534
298 544
334 535
365 507
392 475
414 439
428 401
437 359
443 316
446 274
170 265
190 251
217 250
242 254
266 264
322 264
345 253
370 248
397 249
418 264
296 299
298 333
299 366
300 400
270 410
284 415
299 420
312 415
325 410
202 295
220 284
240 287
255 303
237 305
216 303
335 303
351 288
371 285
389 295
374 303
353 305
233 439
260 444
281 442
298 447
312 442
331 443
355 440
334 467
315 480
298 483
281 480
259 466
243 445
281 457
298 459
313 457
346 446
314 457
298 459
282 457
