154 320
157 359
165 398
172 437
186 474
206 508
233 538
265 562
305 570
346 562
381 541
412 512
435 480
450 442
460 403
467 362
471 322
173 281
192 265
218 260
244 263
269 273
330 274
358 264
387 265
415 271
438 286
301 312
300 341
300 370
300 400
272 418
286 423
300 428
316 422
330 417
199 315
216 302
238 304
257 321
237 324
214 324
348 322
367 306
389 306
407 318
391 326
369 326
242 461
267 455
288 450
302 454
318 450
339 454
366 459
342 480
320 489
303 491
288 491
266 482
252 464
288 467
302 468
318 466
357 462
319 468
303 470
288 468
