191 302
195 336
203 369
212 401
222 432
237 461
255 485
277 502
301 508
325 502
348 483
367 457
383 428
394 396
401 362
407 328
409 293
206 282
220 270
239 270
257 276
275 284
318 283
336 274
354 267
374 266
390 277
296 316
296 342
296 367
297 393
280 406
288 409
297 411
307 408
316 405
228 315
241 308
255 309
267 322
253 324
239 323
328 321
340 308
354 306
366 312
356 321
342 322
267 441
279 434
289 428
299 432
310 428
322 432
335 438
323 450
310 458
300 460
289 458
278 452
272 442
289 440
300 441
310 439
329 439
310 440
299 442
289 440
