149 330
151 368
158 405
166 446
177 484
198 518
227 547
260 569
299 576
341 570
378 550
412 523
436 492
448 453
455 411
462 371
465 332
180 292
199 273
225 268
252 273
277 286
322 288
350 274
381 269
410 276
432 295
299 322
299 347
299 373
299 400
272 423
286 427
301 432
316 427
330 422
207 326
222 318
242 319
256 332
239 335
221 334
348 332
364 321
384 320
400 330
385 336
366 336
246 476
269 466
287 460
301 464
315 459
334 465
358 475
335 489
316 496
301 498
286 497
269 489
256 478
286 476
300 477
315 475
348 477
315 476
300 479
286 477
