158 307
162 347
168 384
176 421
191 454
212 485
237 512
267 533
301 539
334 531
361 509
385 481
406 450
421 417
428 381
434 343
437 305
188 291
208 278
233 277
258 281
281 292
317 292
339 281
363 275
387 277
408 290
300 320
300 347
300 373
300 400
271 408
284 413
299 417
313 413
327 408
219 319
234 311
252 312
267 326
250 326
233 325
332 326
346 311
364 311
380 319
365 325
348 326
242 434
262 430
285 429
299 432
314 429
335 431
355 433
336 462
315 475
299 477
283 475
261 463
248 437
284 440
299 442
314 440
348 437
315 458
299 460
284 458
