155 312
158 353
164 394
172 431
185 468
206 499
232 527
265 549
300 557
334 547
365 525
392 497
414 467
428 431
437 393
444 354
448 314
179 281
199 264
226 260
252 264
275 274
320 273
345 262
371 260
397 265
417 282
299 311
299 341
299 370
300 400
270 411
284 416
298 420
313 416
326 412
209 314
226 303
245 305
260 322
244 322
224 321
336 322
352 305
370 304
387 315
373 322
355 323
240 449
263 442
286 440
299 443
315 441
336 444
359 447
337 472
316 485
299 487
283 485
262 474
247 449
285 450
300 452
316 450
351 449
316 467
299 469
284 467
