160 319
161 356
167 393
173 430
187 461
210 490
237 515
267 537
300 543
332 534
360 510
384 484
405 456
417 423
423 388
429 352
430 317
185 296
204 280
228 277
252 282
274 292
323 291
345 280
369 276
392 278
410 294
300 320
300 347
300 373
300 400
272 413
285 416
299 421
312 416
325 411
213 325
228 315
246 317
260 329
244 332
227 333
337 329
350 316
368 314
383 323
370 330
352 331
243 445
263 440
283 437
298 441
314 437
334 439
354 443
335 470
316 484
299 487
282 484
262 471
250 447
283 450
298 452
315 450
347 445
315 465
299 469
283 465
