155 290
157 329
163 370
171 409
185 446
208 479
234 509
264 534
298 543
334 536
366 514
395 486
419 454
434 416
444 375
454 334
459 291
182 270
202 258
227 256
252 261
274 272
331 271
356 260
382 255
410 258
431 273
302 310
301 341
300 370
300 400
272 411
286 416
300 421
314 417
328 412
211 308
228 300
248 302
263 316
245 319
225 317
341 317
358 303
379 301
396 310
381 319
361 320
243 444
266 439
285 436
300 440
315 436
337 441
363 445
338 472
316 484
299 486
282 482
263 469
252 447
284 449
301 451
316 450
353 449
316 463
300 465
284 461
