170 328
173 361
178 395
183 429
193 461
211 490
235 515
264 533
297 540
330 534
357 514
381 489
399 459
408 427
415 394
419 360
423 328
195 302
212 290
233 286
254 289
275 298
326 297
345 289
365 287
386 290
402 302
299 330
299 353
299 377
300 400
272 413
284 418
297 423
310 419
322 415
219 332
234 323
250 325
263 337
248 338
233 337
336 337
348 326
365 325
378 333
365 338
351 339
236 444
256 436
279 433
295 438
314 435
335 437
357 445
337 469
315 480
296 481
278 478
255 466
242 446
278 447
296 449
313 448
349 448
315 462
297 463
279 460
