182 285
185 323
190 359
197 398
209 430
228 459
248 485
273 506
303 511
333 504
362 483
387 457
410 429
424 395
432 359
439 323
443 285
194 283
209 266
233 263
255 270
275 283
326 282
348 272
373 267
397 272
414 287
300 314
299 343
299 372
299 400
274 404
286 409
299 414
313 409
327 404
221 308
236 300
254 305
267 321
250 320
232 317
338 321
351 306
369 303
384 312
372 319
355 321
249 428
270 429
288 429
301 433
315 429
333 429
355 429
333 447
315 456
300 457
285 455
269 447
257 432
287 438
301 441
315 439
347 432
315 439
301 441
286 438
