167 313
171 349
179 383
185 418
200 451
219 481
243 509
272 532
303 541
336 535
367 515
395 491
418 462
433 428
442 392
451 356
458 319
185 288
203 273
229 269
255 271
279 280
331 277
357 270
384 270
410 276
429 292
304 321
303 347
302 373
300 400
278 416
289 420
301 425
312 422
326 419
215 322
231 312
252 313
267 329
249 332
228 331
346 329
361 314
383 314
400 324
384 334
364 334
259 463
273 450
289 441
302 446
314 442
332 452
350 468
333 484
314 492
300 492
286 490
272 480
269 463
288 458
301 459
314 459
340 467
314 469
301 470
288 466
