163 315
168 353
175 390
183 424
196 457
215 484
240 507
267 524
299 530
332 526
360 508
387 485
408 455
422 421
431 383
438 344
441 304
187 293
206 279
230 278
254 283
277 294
318 291
341 279
365 274
389 275
409 287
300 325
300 350
300 375
300 400
273 415
286 420
298 423
311 420
323 416
211 326
226 316
246 318
260 334
243 337
224 336
338 334
355 319
374 317
389 326
376 336
356 338
252 456
270 449
286 441
298 445
309 441
325 448
343 457
325 469
310 477
297 479
285 477
270 471
259 457
286 458
297 459
310 457
335 457
310 457
297 459
286 458
