159 291
163 331
170 369
177 409
188 446
210 479
237 507
268 527
304 534
340 528
373 510
403 484
426 453
439 416
447 375
454 334
459 292
184 271
203 259
226 260
249 267
270 277
333 276
355 264
379 258
405 258
427 271
301 312
301 342
300 371
300 400
272 411
286 415
300 420
314 416
330 411
212 308
228 299
248 302
263 319
244 320
224 318
344 320
360 303
380 300
396 310
382 320
363 321
242 439
265 438
286 435
300 438
316 434
339 438
365 440
340 463
317 474
301 476
285 473
265 461
251 443
285 452
301 453
316 452
357 444
317 452
301 454
286 452
