147 298
149 337
155 376
158 416
171 454
195 486
226 516
261 542
298 550
335 544
370 521
402 493
428 461
446 425
455 385
464 344
469 303
169 282
191 267
219 264
247 269
274 278
328 276
357 266
387 263
416 265
440 280
302 313
301 342
300 371
299 400
272 414
286 419
299 424
313 419
327 414
201 313
219 303
240 304
256 319
237 322
217 321
349 320
365 303
387 302
406 313
389 320
368 322
239 453
262 447
284 444
298 448
315 444
337 449
362 451
337 472
315 482
298 484
282 482
262 473
249 456
283 460
298 462
315 461
352 454
315 460
298 462
283 460
