145 292
147 332
154 371
165 409
179 445
203 479
231 507
263 528
300 535
337 528
369 506
395 477
418 445
432 410
442 372
447 334
448 294
165 267
186 250
214 245
241 251
268 263
323 261
349 249
377 243
406 247
427 265
296 299
298 333
298 366
300 400
265 405
282 410
298 416
315 410
331 404
194 301
213 291
234 292
252 308
232 311
211 310
340 308
360 292
380 289
399 300
383 309
361 311
234 430
260 430
282 429
299 433
316 429
338 429
364 430
338 448
317 459
299 460
281 458
260 448
242 432
282 440
300 443
317 440
354 432
317 440
299 443
281 440
