153 266
158 309
163 351
170 392
182 431
206 467
236 500
268 525
303 532
340 525
373 504
404 474
426 439
441 401
448 361
455 318
459 274
180 253
203 244
230 242
256 248
281 257
325 255
350 244
378 240
407 244
429 259
300 294
300 329
300 364
300 400
272 404
284 410
299 416
316 410
330 404
211 292
230 282
250 285
268 303
247 305
227 304
338 303
357 287
378 284
396 293
381 305
360 306
242 431
263 436
285 436
298 439
313 434
338 434
363 431
339 456
317 466
300 468
286 465
264 453
250 435
284 447
299 449
314 446
357 435
317 448
300 450
286 447
