127 261
131 307
138 352
149 398
165 441
190 479
221 513
254 542
289 552
326 546
359 522
389 489
415 451
433 410
446 364
455 319
460 273
161 253
184 239
213 239
241 244
266 255
326 255
353 243
380 239
409 240
431 254
298 294
299 331
299 364
300 400
269 415
284 420
297 424
312 421
325 417
194 290
213 280
236 281
252 300
232 302
210 301
340 300
357 284
380 281
398 291
383 301
362 303
242 464
262 455
281 450
295 456
311 451
327 457
346 465
328 484
310 494
293 496
278 493
260 482
250 465
280 465
295 467
310 466
338 467
310 470
294 471
279 469
