171 294
175 329
181 365
187 400
199 433
220 462
244 488
272 510
301 516
331 509
355 488
375 459
393 429
403 396
408 361
414 325
416 289
196 290
214 278
236 275
258 280
279 290
317 288
336 279
358 274
379 275
397 286
298 316
299 344
299 370
299 398
276 403
287 408
300 413
313 408
324 403
225 316
240 309
255 311
267 322
252 323
237 322
328 321
339 308
355 305
371 312
358 319
343 320
250 426
270 427
286 426
299 430
311 426
328 427
345 427
328 448
312 458
300 460
285 458
269 446
259 430
286 439
299 441
312 439
338 432
312 438
299 440
286 438
