153 281
155 326
165 369
177 411
190 450
212 486
239 516
270 540
306 548
340 540
371 515
400 486
426 452
442 410
454 368
463 324
467 278
179 266
200 254
226 253
252 259
276 269
330 268
355 258
380 253
407 253
431 264
303 307
302 339
301 369
300 400
275 416
288 420
301 423
316 419
330 414
209 303
226 294
246 295
263 311
244 313
224 312
344 311
361 296
383 295
399 304
385 313
363 314
262 468
274 452
292 444
303 448
315 443
332 451
345 466
333 483
317 494
304 497
290 495
275 484
270 467
290 463
303 464
315 463
338 465
316 469
303 471
291 469
