157 302
162 340
170 378
180 413
195 444
218 473
244 498
272 520
302 526
333 519
359 497
382 470
401 441
416 408
423 372
428 334
431 294
183 292
202 279
228 277
252 283
275 295
317 292
340 282
363 277
387 279
406 292
297 322
298 348
299 374
300 400
272 407
285 412
300 415
313 411
327 405
212 320
227 310
246 312
262 329
243 332
225 329
332 329
346 310
365 309
381 318
367 328
349 330
247 436
268 430
287 427
300 429
313 427
332 430
353 433
333 456
315 468
301 469
286 469
268 458
255 438
286 436
300 437
313 436
346 435
314 452
300 453
287 452
