180 312
184 346
189 381
195 416
205 448
223 475
247 497
273 513
302 517
329 510
354 492
374 469
390 443
398 412
402 378
405 344
406 309
206 287
222 275
241 273
261 278
280 289
316 289
333 277
351 272
370 272
386 285
298 314
298 337
299 360
299 383
280 402
289 406
298 409
309 405
319 400
226 314
239 305
254 306
267 322
253 323
237 322
328 321
339 305
355 303
367 312
357 320
342 322
254 433
272 431
289 427
300 431
310 427
326 430
344 430
327 449
311 458
300 460
288 459
272 449
261 436
289 440
300 442
310 440
337 434
311 441
300 443
288 441
