189 304
191 339
197 375
203 411
213 444
229 474
250 501
275 520
304 526
331 519
354 499
373 472
388 445
397 412
402 376
406 341
406 305
205 287
219 275
238 274
255 278
273 288
319 286
334 276
353 273
371 276
387 289
296 316
297 342
298 369
299 396
276 405
287 410
299 416
312 410
323 406
228 314
240 306
254 308
267 322
254 322
239 321
328 321
339 306
353 304
365 312
355 319
341 321
250 429
270 431
287 430
299 432
310 430
327 430
348 427
329 448
311 458
300 460
287 458
270 449
256 433
288 441
299 442
311 440
343 431
311 440
299 443
287 441
