176 326
179 361
185 394
192 428
202 461
222 489
245 513
271 531
301 535
332 528
359 510
382 485
400 457
411 426
417 393
423 359
426 326
200 303
217 290
238 287
259 292
278 300
325 298
345 290
364 287
383 290
399 300
302 329
301 353
300 376
300 400
275 414
286 419
298 423
310 420
320 416
222 331
237 322
253 324
265 336
252 338
235 338
335 337
349 325
366 325
377 334
367 340
351 340
248 450
267 441
286 438
298 441
312 437
330 442
348 448
331 466
313 477
298 479
285 476
267 466
256 452
285 454
298 455
312 453
340 451
313 458
298 460
285 458
