189 318
191 352
197 385
203 415
215 444
232 468
251 490
273 509
298 515
322 508
344 486
366 461
385 433
396 400
403 365
409 329
412 292
202 291
216 276
236 273
256 277
274 286
315 283
333 274
352 271
372 271
388 281
297 314
297 342
296 370
296 396
273 402
286 406
298 411
310 406
321 401
225 315
239 306
254 309
267 322
253 323
237 321
328 321
340 307
355 304
368 311
357 320
342 322
249 420
268 422
286 422
298 425
311 422
331 420
352 417
333 444
314 457
300 460
286 458
268 447
255 422
287 430
299 432
311 428
344 420
312 444
299 446
286 444
