183 304
184 342
190 380
198 417
211 450
232 479
254 505
277 527
307 534
340 528
370 509
396 483
420 452
435 417
447 379
455 338
459 297
194 287
212 275
236 275
259 280
281 291
326 290
349 280
375 274
401 273
425 284
303 322
303 349
301 374
300 400
276 412
289 416
303 419
317 416
332 412
221 322
237 313
256 315
271 330
253 331
234 329
345 330
360 315
379 313
397 321
382 329
363 331
254 444
272 440
289 437
304 440
317 437
338 441
364 445
341 468
320 479
305 480
289 478
271 467
262 447
289 447
304 449
317 449
356 448
318 462
304 463
289 460
