155 285
160 326
168 366
180 405
196 441
219 472
243 501
270 523
301 531
332 524
359 501
384 471
407 440
424 404
433 364
437 323
440 281
181 272
199 259
223 260
245 267
268 278
326 276
348 267
370 261
394 258
413 270
297 313
298 343
299 371
299 400
273 411
286 414
300 418
313 413
326 410
210 311
226 303
244 306
259 319
241 320
223 319
337 320
350 306
368 303
385 310
371 318
354 320
246 434
267 433
285 433
300 436
317 432
335 431
357 430
338 455
320 470
301 473
284 471
266 458
254 438
284 443
301 444
318 442
349 435
319 450
301 453
284 450
