150 296
154 338
162 380
170 420
183 457
204 488
233 518
264 542
300 551
335 545
367 522
395 493
418 461
432 423
443 381
450 338
454 296
178 271
198 254
224 251
252 254
276 268
322 268
347 255
375 249
404 253
425 271
299 308
299 339
299 369
300 400
271 414
285 419
299 423
313 420
327 415
207 308
224 296
246 299
262 318
243 320
221 318
337 319
356 298
376 296
395 308
380 318
358 321
241 445
266 449
288 447
300 451
313 447
333 449
358 445
333 469
314 482
299 485
285 482
265 468
248 448
287 460
300 462
312 460
348 448
312 461
300 464
286 461
