181 299
183 333
190 369
197 402
208 434
225 462
246 486
270 505
294 510
316 502
336 481
355 456
372 429
383 399
391 367
398 334
400 302
203 286
218 272
238 269
258 274
276 285
321 284
338 273
356 270
375 272
388 284
298 316
298 340
298 363
298 387
277 402
287 405
297 408
307 404
316 400
226 316
240 308
255 310
267 322
253 326
238 325
328 321
340 308
355 307
366 314
357 322
342 323
256 434
275 430
290 424
298 427
308 422
321 426
336 429
323 447
310 457
300 460
289 459
274 453
263 437
289 438
298 439
308 436
329 433
309 437
299 440
290 438
