186 315
190 349
196 382
203 414
215 443
233 469
255 491
277 510
302 516
328 509
351 489
372 467
390 441
400 411
404 378
407 345
408 311
206 296
219 280
240 275
260 278
279 288
315 286
333 276
353 273
373 277
388 293
296 313
296 338
297 361
297 385
276 397
287 401
298 405
310 400
320 396
231 317
243 309
256 309
267 322
255 322
242 321
328 321
339 308
353 307
365 315
355 319
341 321
255 427
271 422
286 419
298 422
311 419
326 422
345 427
328 450
313 458
300 460
287 458
271 448
261 429
287 429
299 431
311 429
339 429
312 442
299 443
286 441
