169 306
172 343
179 380
189 415
204 447
227 476
251 503
277 523
306 529
335 521
361 499
383 472
402 443
414 411
423 377
430 341
434 304
195 291
212 279
234 275
255 279
276 289
319 290
341 280
366 276
390 279
409 294
299 319
299 346
299 373
300 400
273 412
286 415
299 419
312 416
326 412
217 318
231 309
249 311
262 325
246 327
229 326
337 325
350 310
368 309
384 318
370 326
352 327
247 438
266 437
285 435
299 439
313 435
332 437
355 435
334 459
316 470
301 472
286 469
268 458
254 442
285 448
300 449
314 447
347 439
315 450
302 453
287 450
