155 333
159 369
168 405
178 441
191 473
213 501
241 522
272 539
305 544
336 534
363 514
385 487
403 457
414 423
421 390
427 355
431 317
176 296
194 278
221 274
245 277
269 285
314 285
338 277
363 276
386 279
406 290
294 321
296 347
297 373
300 400
274 413
288 416
302 420
314 415
326 411
206 326
223 314
242 315
256 331
240 333
221 333
332 331
346 313
364 312
379 323
367 330
349 332
245 448
269 442
290 438
305 440
318 436
338 438
360 440
341 466
321 481
305 484
290 483
268 474
252 451
291 452
304 452
319 449
352 442
320 463
305 466
290 465
