191 302
194 336
201 370
208 403
219 434
235 463
255 488
278 505
301 509
323 503
346 485
366 459
383 431
393 398
399 365
404 331
407 298
207 287
220 273
239 273
257 277
274 287
319 283
335 274
353 271
372 271
387 281
296 314
295 341
295 366
296 392
278 404
286 406
296 410
306 405
315 402
231 316
243 309
257 310
267 322
255 325
241 324
328 321
339 309
353 307
364 314
355 321
341 323
259 431
275 429
289 426
298 429
309 424
323 426
340 426
325 448
311 458
300 460
289 459
275 451
265 435
288 439
299 440
310 437
333 431
310 438
299 440
289 439
