146 295
149 340
154 385
163 426
177 465
201 496
230 525
262 546
299 552
335 544
367 519
396 491
421 459
437 421
445 378
451 334
455 289
181 273
201 259
226 258
251 265
276 275
320 273
344 262
370 255
396 258
418 272
298 302
298 335
298 367
300 399
269 412
283 418
299 423
314 416
328 410
210 302
227 293
244 294
260 309
242 309
225 308
337 310
353 295
370 295
387 305
372 309
353 310
240 447
262 443
284 439
302 443
319 438
339 437
360 439
340 460
321 474
302 478
284 476
262 466
248 449
283 453
301 455
320 450
352 442
320 451
302 456
283 456
