126 305
129 347
135 389
145 432
160 472
185 507
218 537
255 557
296 566
336 560
370 536
397 506
418 471
431 431
439 390
447 350
449 308
170 278
193 265
220 263
248 269
272 279
328 277
354 266
380 260
406 264
426 282
300 315
300 343
299 371
300 400
271 421
285 424
299 429
314 424
327 421
197 320
216 310
238 311
255 326
235 331
213 330
341 327
359 312
379 309
397 320
383 330
361 331
239 465
262 452
285 446
299 450
313 445
334 451
357 465
335 480
315 489
299 490
283 488
262 479
249 465
284 464
299 465
314 463
347 466
314 465
299 467
284 466
