160 294
163 329
167 365
173 401
184 435
205 466
232 494
261 517
293 525
326 518
356 496
382 469
403 438
416 404
425 368
433 332
436 296
189 279
209 270
232 271
255 277
277 288
324 289
346 278
369 273
394 273
413 285
299 321
299 347
299 373
300 400
275 409
287 413
299 418
310 413
321 409
215 318
232 311
251 313
265 327
247 330
228 328
333 327
347 312
367 310
382 318
369 329
350 330
242 431
264 430
283 429
297 434
311 430
328 432
349 434
329 454
312 464
297 465
281 463
262 453
251 435
282 442
297 444
311 443
340 437
312 444
298 446
283 444
