184 306
189 340
196 373
202 405
214 436
231 463
252 485
277 501
303 506
327 498
348 480
366 457
380 433
389 403
393 375
398 343
400 314
203 292
218 277
239 273
259 275
279 283
314 282
332 274
352 271
371 273
385 288
298 313
299 337
300 360
301 382
280 396
290 399
300 402
310 399
319 395
228 315
240 305
255 307
267 322
254 323
238 322
328 321
338 306
352 304
365 315
355 321
340 323
262 431
276 425
290 421
300 424
309 422
321 425
335 428
322 448
310 458
300 460
289 458
275 450
267 432
290 431
299 432
309 431
329 430
309 441
299 443
290 441
