148 331
152 368
158 406
165 442
176 476
198 503
228 526
261 544
297 550
333 545
365 526
394 504
415 479
427 445
432 409
438 372
441 337
184 300
205 288
230 287
256 291
280 304
323 304
346 293
370 288
394 289
413 303
299 332
299 355
300 377
299 400
275 423
286 427
298 430
309 427
322 423
209 332
226 322
245 324
260 341
242 343
223 341
339 341
355 324
374 323
390 333
377 343
357 343
247 468
268 459
286 452
298 456
310 452
328 459
346 469
328 483
311 488
297 490
284 489
267 481
256 469
285 468
298 469
310 467
339 469
311 470
299 471
286 469
