157 289
158 328
164 365
173 402
186 437
208 468
234 497
264 523
297 532
331 526
361 503
389 476
414 444
430 408
438 369
444 330
448 291
182 284
202 271
226 273
250 278
273 288
326 287
349 276
374 269
398 270
421 283
300 319
300 346
300 373
300 400
275 412
287 416
301 420
313 415
326 412
212 317
228 310
247 312
261 325
243 328
225 326
341 325
356 313
374 311
389 319
376 326
358 328
244 439
268 438
287 435
301 439
314 435
333 438
357 440
335 460
315 470
301 471
287 469
267 458
255 443
287 448
301 450
314 449
349 444
315 450
302 451
287 448
