144 309
146 348
151 386
159 423
172 459
193 490
221 517
255 538
290 545
324 537
356 518
384 496
409 469
423 434
432 396
440 358
445 320
166 291
188 272
218 269
246 275
273 287
328 285
354 275
380 272
406 277
425 293
299 321
299 347
299 373
300 400
268 417
282 421
298 425
312 420
326 416
201 319
221 308
243 312
258 330
239 331
217 329
339 331
356 314
376 313
392 324
378 333
358 333
236 452
261 448
284 444
296 447
310 444
331 448
356 450
332 473
311 485
296 487
281 486
259 477
245 456
282 463
296 463
310 462
346 454
311 462
296 465
282 464
