153 290
157 330
167 369
177 407
193 443
214 477
238 506
268 530
301 536
334 529
365 507
390 477
411 443
426 406
437 369
447 329
450 289
175 271
192 255
218 252
243 258
266 271
331 269
355 258
380 253
406 257
424 272
298 309
299 340
299 370
300 400
273 411
285 417
300 422
314 417
329 411
203 308
220 299
240 301
257 316
237 319
217 318
343 317
358 303
378 301
394 311
380 320
360 320
247 449
268 446
287 442
301 445
314 442
333 446
354 451
333 470
314 479
300 480
285 478
266 469
256 452
287 455
301 456
315 455
345 453
314 458
300 460
286 457
