171 336
176 370
183 402
189 436
200 466
221 490
247 512
274 528
303 534
333 528
360 512
385 491
406 467
417 437
423 403
427 370
429 338
196 311
214 300
237 299
260 303
281 314
319 314
340 303
362 298
385 300
402 313
300 339
300 359
300 379
300 400
278 417
289 420
300 423
310 421
321 419
220 338
235 328
252 330
266 346
250 347
232 345
334 346
347 331
365 329
380 339
368 346
351 348
250 450
270 443
288 441
300 444
313 442
333 447
352 450
333 474
314 484
300 485
286 482
269 471
256 452
288 448
300 450
314 450
345 453
314 468
300 469
287 467
