166 321
169 358
175 395
184 431
200 462
221 492
247 519
276 540
306 547
338 540
369 520
397 496
419 467
435 433
444 397
452 359
457 321
189 291
206 276
230 273
253 278
276 288
329 289
352 279
376 275
402 277
423 291
301 316
300 344
300 371
300 400
274 412
287 417
300 421
315 416
329 412
217 318
233 308
251 310
266 325
249 325
231 324
342 325
357 311
375 310
391 319
376 324
359 325
244 447
266 442
286 441
303 444
321 440
343 441
369 445
346 472
323 484
304 487
286 485
265 473
252 450
286 450
303 452
320 450
361 447
322 466
304 468
286 466
