191 315
192 347
195 379
202 410
214 439
231 464
251 487
275 504
301 510
327 501
349 483
371 461
389 436
400 406
407 375
411 342
413 310
204 287
218 273
239 272
257 277
275 286
317 285
335 275
354 271
374 272
389 285
298 315
297 338
297 361
298 385
275 395
287 398
299 402
311 399
321 394
228 319
240 310
254 312
267 322
253 325
239 325
328 321
340 309
355 309
367 316
357 322
342 324
253 423
271 419
286 417
299 419
312 417
330 419
349 422
331 446
313 457
300 460
286 458
270 447
258 425
287 427
299 427
312 427
343 425
313 442
299 444
287 441
