136 289
139 332
146 373
154 411
171 448
196 481
226 510
259 533
292 541
323 535
355 512
384 483
407 452
425 415
437 377
445 337
449 296
166 270
191 258
221 260
247 268
274 281
324 282
350 270
378 262
406 262
428 277
298 313
299 342
299 371
299 400
270 413
285 416
298 421
312 417
324 413
201 308
219 301
239 302
253 319
235 319
216 316
341 319
356 304
376 302
392 312
378 319
359 321
240 450
266 447
285 443
298 447
310 443
326 447
347 452
325 471
309 479
296 480
283 479
264 471
250 454
285 457
298 458
309 457
338 455
309 458
296 459
284 458
