155 313
159 351
165 390
172 427
187 460
210 491
236 518
268 536
300 541
331 532
354 507
375 478
395 448
407 416
414 382
417 348
419 315
182 297
201 282
225 279
248 284
270 293
322 291
343 280
366 275
389 278
405 293
298 321
298 347
299 373
300 400
268 409
283 414
299 419
313 414
326 408
210 323
226 316
243 318
257 328
241 329
225 328
333 328
348 317
365 315
379 323
367 327
351 328
232 439
258 431
281 429
299 432
316 428
337 429
358 433
339 461
320 475
300 479
283 478
258 465
240 441
282 442
299 443
316 440
349 437
318 456
299 459
282 458
