155 278
158 324
164 370
171 413
183 455
206 490
235 520
267 544
302 551
339 543
377 520
408 490
433 454
448 414
456 371
466 327
471 279
181 267
202 252
229 250
255 255
279 268
325 270
352 256
382 251
412 255
435 272
302 305
301 336
300 368
300 400
271 409
285 414
300 418
316 413
332 409
212 301
229 293
248 295
264 310
245 310
227 308
344 310
360 295
381 294
400 302
382 309
363 312
239 444
262 439
283 435
302 439
320 435
344 436
370 440
345 468
322 481
302 483
283 482
260 470
247 447
283 447
302 448
321 445
360 443
321 460
302 463
285 462
