162 302
165 340
172 379
181 416
195 451
216 484
242 512
273 536
305 542
338 535
370 514
398 488
422 457
438 422
446 385
454 348
458 309
180 283
199 268
226 264
252 266
279 273
330 272
357 264
385 263
412 269
433 285
303 315
302 343
301 371
300 400
275 417
287 422
300 426
313 423
327 418
211 317
228 308
249 309
265 324
247 328
226 327
345 324
361 310
382 309
400 319
384 327
363 328
256 463
272 452
289 446
302 450
314 446
333 455
353 465
334 483
316 489
301 490
288 489
272 480
266 463
289 463
302 464
314 463
343 464
315 467
302 468
289 465
