182 322
185 355
191 388
199 421
209 450
227 477
248 500
274 517
304 522
336 515
364 497
387 473
406 448
418 418
424 386
428 353
430 321
199 296
216 286
238 286
259 290
279 300
319 298
340 290
360 285
382 284
402 293
301 327
301 352
300 376
300 400
276 409
288 413
300 417
312 413
324 409
222 331
236 321
253 323
268 336
252 339
235 337
336 336
349 322
366 321
381 330
369 337
352 338
250 437
269 431
288 429
302 432
316 429
337 432
357 436
337 458
317 469
302 471
287 469
268 459
256 439
288 441
302 443
316 441
350 438
316 453
302 456
287 453
