163 290
167 330
173 372
182 412
196 450
220 483
247 513
274 538
306 549
338 542
371 520
402 493
426 462
441 426
451 385
458 343
462 300
184 273
203 260
227 258
250 261
275 271
330 270
356 258
383 255
410 259
433 274
303 308
302 339
301 369
300 400
275 411
287 415
301 420
315 415
330 410
216 306
233 297
252 299
269 317
250 317
230 315
341 317
358 300
378 297
396 308
382 316
360 318
245 441
264 438
285 436
301 439
319 435
342 438
365 440
343 471
322 485
303 487
285 484
263 469
253 444
286 447
301 449
319 446
357 444
321 466
303 468
285 466
