169 316
169 354
175 393
182 429
195 463
216 494
241 521
271 542
300 548
331 543
360 524
388 500
411 470
426 434
433 395
440 354
443 314
185 290
201 275
225 272
248 274
270 283
325 282
349 272
374 269
399 274
419 288
298 317
299 344
299 372
300 400
272 414
285 418
299 423
313 419
326 415
214 316
229 306
247 308
262 322
245 322
227 322
338 323
353 309
371 308
387 318
374 323
355 324
248 449
270 443
288 440
301 445
315 441
335 445
357 451
335 473
315 483
300 484
286 483
268 472
256 451
287 454
301 456
315 455
349 453
315 463
301 464
287 462
