189 305
193 339
199 372
207 404
217 434
234 460
255 484
278 504
304 511
330 504
356 483
380 458
398 429
410 395
414 359
417 324
417 289
203 286
218 275
238 277
256 283
274 292
311 291
330 280
351 272
372 270
391 279
293 317
293 341
292 364
292 388
276 400
285 404
295 407
306 403
316 400
226 317
237 308
253 308
267 322
252 326
236 325
328 321
340 307
356 304
369 312
358 320
342 322
260 426
275 426
288 423
298 426
309 423
327 424
347 423
329 448
312 458
300 460
289 457
275 448
267 430
288 435
299 437
310 435
339 426
311 440
299 442
288 439
