186 314
188 345
193 377
198 408
208 438
225 465
248 487
274 504
302 509
331 502
359 485
383 463
400 434
411 403
417 372
421 339
423 306
204 292
217 279
237 277
256 282
274 291
315 291
333 280
354 274
375 275
393 287
295 316
295 340
295 365
294 389
273 400
285 403
297 406
309 402
321 398
227 318
240 310
254 311
267 322
253 323
238 322
328 321
341 309
355 308
369 315
357 320
342 322
255 430
270 422
285 419
299 422
313 418
331 420
348 425
332 446
314 457
300 460
286 458
269 449
260 432
285 429
299 430
313 428
342 428
313 440
300 443
286 441
