146 283
150 326
156 367
164 407
180 441
203 471
233 497
262 519
295 527
327 519
358 494
387 467
412 435
426 397
436 357
447 316
454 272
168 266
192 254
221 256
248 262
273 271
325 268
351 259
378 254
406 254
430 265
302 302
301 335
300 367
300 400
269 404
283 408
299 414
315 409
330 404
201 300
221 292
240 293
258 310
238 312
217 310
344 310
361 293
380 291
398 299
383 309
363 311
239 434
262 432
285 430
301 433
315 431
336 432
361 431
337 461
316 473
300 475
284 473
262 461
247 437
285 437
300 440
315 438
352 434
315 454
300 457
284 453
