158 286
161 327
168 366
177 405
191 440
214 471
240 498
269 519
302 525
335 518
365 496
392 470
414 440
426 404
435 367
442 329
447 289
178 275
200 262
227 264
252 273
278 284
323 282
348 272
374 266
399 266
422 280
298 311
299 341
299 370
300 400
273 409
286 414
298 419
312 415
324 409
209 309
227 300
246 302
259 316
242 317
224 316
341 316
355 304
374 302
391 312
376 318
358 319
245 438
267 436
286 434
300 438
316 434
336 436
357 437
336 455
318 465
301 468
285 467
265 458
253 442
285 446
300 448
317 446
349 440
317 446
300 449
285 446
