177 333
180 368
186 401
192 434
201 465
219 491
241 515
270 531
301 537
332 531
361 514
387 493
405 467
418 437
426 404
435 371
441 335
197 302
215 286
237 279
262 280
284 291
326 290
349 282
373 282
397 288
415 302
304 325
302 350
301 375
300 400
278 416
289 420
299 423
312 419
324 417
226 331
240 321
258 322
273 335
257 339
239 339
339 335
353 321
371 321
385 332
373 339
355 339
258 457
274 448
289 442
301 446
313 442
328 448
345 458
328 471
312 478
300 479
287 478
273 472
266 458
288 457
301 458
312 458
338 459
312 459
301 459
288 457
