161 307
163 347
168 384
177 421
191 456
215 487
240 515
270 539
301 546
334 539
367 516
397 489
421 457
438 423
444 384
450 346
450 307
179 288
200 275
227 273
255 277
282 286
317 286
346 276
375 272
404 273
430 284
300 319
300 346
300 372
300 400
277 416
288 421
300 425
314 421
327 416
212 316
228 309
247 310
262 326
245 328
225 325
344 326
357 311
378 309
395 317
380 326
360 327
256 461
274 453
289 446
301 451
311 447
329 453
350 461
330 478
313 487
301 488
288 487
272 480
265 463
290 461
301 463
312 461
340 462
311 466
300 467
289 465
