157 313
162 354
169 393
178 429
193 460
213 487
237 510
265 525
296 530
324 524
349 507
374 487
394 460
406 428
413 392
417 354
418 316
192 291
210 274
233 266
258 268
280 278
319 278
338 268
360 265
381 270
396 285
299 313
299 339
301 364
301 389
275 406
287 409
300 413
312 408
323 403
221 319
237 312
252 311
267 322
252 323
236 323
328 321
342 310
356 309
370 317
358 321
342 321
243 438
268 436
287 431
299 433
310 430
326 432
344 432
326 450
312 457
300 460
287 459
269 454
251 439
287 443
299 444
310 441
336 435
310 443
300 444
288 444
