175 314
178 349
183 384
187 420
197 452
215 480
240 503
267 522
300 529
332 522
361 502
387 478
407 449
418 416
424 381
430 348
434 313
192 298
210 287
233 288
254 295
274 306
325 306
346 296
367 288
391 288
410 299
300 330
301 354
300 377
300 400
275 413
287 417
300 421
312 416
325 412
216 329
231 319
250 321
265 336
248 338
229 337
336 336
350 321
369 319
383 329
371 338
352 339
246 440
268 438
287 437
301 439
314 436
333 436
356 437
335 462
316 473
302 475
287 475
268 466
253 444
287 446
301 446
314 445
348 439
315 458
301 461
287 460
