166 299
170 337
177 376
185 412
198 445
218 475
241 501
271 520
306 525
339 518
367 500
392 474
412 446
424 413
434 379
441 342
445 306
187 292
207 278
233 278
257 285
282 295
322 297
346 287
370 283
397 282
418 294
301 324
301 349
300 374
300 400
274 413
287 418
301 421
315 417
328 412
217 324
233 316
250 319
265 333
248 334
229 332
342 333
357 320
375 320
389 329
375 335
358 335
257 447
275 443
291 439
304 444
317 438
333 440
351 442
335 461
319 472
305 475
291 475
274 468
265 450
291 453
305 455
317 453
344 444
318 453
305 457
292 454
