155 301
155 341
162 381
170 422
182 460
202 494
231 524
265 545
303 550
338 543
373 524
402 498
423 464
436 424
444 383
455 343
459 301
174 283
197 270
224 270
252 275
278 284
326 282
353 272
381 268
409 271
433 285
301 316
300 344
300 371
300 400
274 416
286 421
299 425
313 421
326 417
208 310
226 301
247 303
262 319
244 322
224 320
344 319
361 304
381 303
398 313
383 322
364 322
254 464
271 453
287 447
300 453
315 447
333 454
351 463
333 478
316 488
301 490
286 487
270 479
263 465
286 464
300 465
315 463
342 465
316 463
301 466
288 464
