162 291
167 330
173 369
181 407
191 443
212 478
238 508
269 532
304 541
340 535
373 514
399 486
420 456
433 421
440 383
444 344
449 305
187 275
207 261
230 259
254 267
276 279
332 276
356 266
382 262
408 266
427 283
302 314
301 342
300 370
300 400
274 410
286 414
299 420
313 415
327 411
211 314
227 306
245 309
261 323
243 323
224 321
346 323
363 310
382 309
399 318
383 325
364 325
243 441
266 442
285 439
299 443
315 440
335 444
361 443
337 466
316 476
299 477
283 475
264 463
251 446
284 454
300 456
315 454
353 447
315 455
300 457
284 454
