151 272
153 315
158 356
164 397
175 437
198 471
226 504
258 531
296 541
335 535
367 509
394 477
417 442
431 402
439 362
447 321
451 279
178 266
200 253
227 253
253 257
278 268
328 270
352 259
378 255
406 255
428 269
302 303
302 335
301 367
300 400
269 404
283 411
300 418
316 412
332 406
213 300
230 294
248 295
263 309
244 310
226 308
341 310
355 297
374 294
393 302
377 309
358 310
234 430
259 432
279 433
297 438
313 433
333 434
358 434
335 459
314 471
296 472
278 470
257 455
243 436
279 447
297 451
314 448
348 439
314 447
298 450
279 447
