183 332
188 365
196 398
204 429
217 457
232 482
252 502
276 515
303 519
332 514
356 498
378 478
394 453
404 424
411 392
416 358
416 323
203 295
219 281
240 276
262 278
281 284
308 283
329 275
351 272
374 276
391 290
296 313
296 337
297 359
297 381
278 401
288 404
298 406
308 403
319 400
226 322
238 313
252 313
267 322
253 325
237 326
328 321
341 310
355 310
369 317
357 322
341 321
266 448
277 433
289 425
298 428
306 425
320 432
334 444
321 454
309 459
300 460
289 459
278 456
272 446
289 440
299 441
307 439
327 443
307 442
299 443
290 443
