153 324
157 360
164 393
171 427
186 458
206 486
232 509
261 527
294 531
326 523
351 502
374 478
392 453
403 424
410 392
413 359
415 328
182 305
199 292
221 287
245 288
268 295
320 297
340 290
361 289
382 294
398 307
296 328
297 352
298 375
300 400
270 411
283 415
296 419
309 415
322 411
208 330
221 321
239 321
256 335
239 336
221 336
329 335
344 321
362 321
376 331
363 336
345 337
235 440
260 437
280 433
296 435
311 432
330 434
348 438
331 462
313 472
297 474
281 473
259 465
244 442
280 445
296 444
310 444
340 440
312 456
296 458
281 457
