187 309
189 340
194 371
201 402
212 433
228 461
249 486
274 505
302 512
330 504
353 484
374 460
390 431
400 400
407 368
413 335
416 303
207 285
222 274
240 272
257 278
273 288
321 285
338 275
356 270
375 273
390 285
297 315
297 337
297 359
297 381
278 397
287 400
297 403
308 400
319 396
227 317
239 309
255 310
267 322
253 325
237 325
328 321
340 309
355 307
368 315
357 323
342 324
264 438
276 425
289 419
300 423
311 419
325 424
339 435
326 450
311 458
300 460
288 458
275 450
271 438
289 436
300 437
311 436
332 436
311 438
300 439
289 437
