181 324
183 356
186 388
191 418
202 446
221 470
245 489
271 503
298 507
325 502
349 484
371 462
388 438
398 409
404 379
407 348
405 317
203 294
220 281
240 279
260 283
278 292
317 289
332 280
351 277
371 279
386 293
298 317
298 338
299 360
299 383
276 396
288 398
300 401
311 397
321 394
227 316
240 307
255 308
267 322
253 322
238 321
328 321
339 307
353 305
366 313
356 318
342 320
246 427
266 419
286 414
299 416
313 413
330 415
348 421
331 445
314 456
300 460
285 459
266 449
253 428
286 427
299 427
313 425
341 424
314 440
299 443
286 442
