202 324
203 353
207 382
212 410
222 439
239 464
258 486
280 506
304 513
331 507
356 489
379 468
397 442
407 412
410 381
412 348
412 316
212 296
223 282
241 278
260 280
277 287
307 288
328 278
351 275
373 279
392 293
293 314
294 337
293 359
293 381
276 393
285 397
296 401
307 397
318 394
230 317
241 309
255 310
267 322
254 322
241 322
328 321
340 308
354 306
367 314
356 319
342 321
253 420
270 418
286 415
298 419
311 416
331 418
351 420
333 447
314 458
300 460
287 457
270 444
259 424
287 424
298 426
311 424
346 422
312 442
299 444
287 442
