139 322
141 360
146 399
153 437
166 474
188 506
218 534
255 555
296 559
338 551
371 528
400 499
419 466
432 428
438 389
443 350
444 309
167 279
190 266
218 269
244 276
268 288
318 284
343 272
369 266
394 264
417 276
296 315
297 343
299 371
300 400
267 415
282 420
298 425
313 420
327 416
199 318
218 311
237 312
254 322
236 325
216 325
334 323
351 312
370 311
386 317
372 325
353 326
238 454
261 453
280 449
294 452
309 450
328 454
353 455
329 474
309 483
293 484
279 482
260 475
245 458
280 462
294 463
308 463
344 458
308 461
294 462
279 461
