164 331
164 366
166 400
170 434
182 467
200 497
224 523
254 541
291 547
326 542
355 524
379 498
398 468
410 435
416 402
422 371
423 339
198 313
217 298
242 293
264 299
286 308
317 309
338 300
359 295
381 299
396 315
302 332
301 354
300 377
300 400
274 418
285 421
297 424
309 422
320 419
225 337
239 330
256 330
269 341
255 345
238 345
332 341
345 330
361 330
375 339
363 347
347 346
249 462
267 454
285 449
296 452
308 449
322 456
338 464
322 476
307 482
295 483
282 481
266 475
256 463
283 464
295 465
308 465
331 466
308 465
295 466
283 464
