156 331
158 370
164 407
171 443
184 480
205 511
231 536
264 554
302 559
342 553
376 535
405 510
425 480
438 445
444 408
450 371
455 332
179 292
197 272
225 266
251 271
276 283
325 281
351 268
379 264
406 273
425 294
300 318
300 346
299 372
300 400
270 418
284 422
299 426
315 422
330 418
210 325
226 315
244 316
258 329
242 331
224 330
344 329
360 318
377 317
392 327
378 332
361 332
247 464
267 454
286 448
300 452
313 447
333 454
355 461
334 474
314 481
300 482
285 482
267 477
254 464
285 464
299 464
314 462
348 462
314 462
300 464
286 463
