152 319
152 356
156 393
161 431
173 467
195 500
224 526
260 549
301 555
339 546
368 521
392 492
410 460
420 425
423 389
428 353
430 319
185 300
201 280
226 274
253 277
278 287
321 288
344 276
370 273
393 278
406 298
301 314
300 342
300 371
300 400
267 410
283 415
297 421
313 415
329 410
216 316
231 306
248 307
262 321
247 321
229 321
334 321
349 307
366 306
379 316
367 321
351 322
237 443
259 438
283 435
300 440
316 435
338 439
358 443
338 467
317 480
300 483
280 480
258 468
243 447
282 448
300 449
316 448
349 447
316 460
300 462
282 460
