165 312
167 349
173 386
179 423
191 457
211 487
237 512
267 530
300 534
332 526
360 506
384 480
402 451
413 417
420 382
426 345
429 308
187 288
202 272
226 268
248 272
271 279
315 279
337 270
360 266
381 270
398 282
295 313
296 343
298 370
300 400
268 408
284 412
298 417
312 411
326 406
212 316
226 307
243 310
257 321
241 322
225 321
330 322
343 310
360 309
375 317
361 321
346 323
242 439
262 434
282 431
298 434
314 430
333 433
352 437
335 459
316 470
299 473
282 471
262 461
249 441
282 440
298 442
314 440
345 439
315 454
299 456
282 454
