168 296
170 333
176 370
182 406
193 442
212 476
235 507
266 537
307 544
349 539
383 515
410 485
433 455
444 417
450 379
453 339
455 300
186 287
203 271
229 269
253 273
277 284
322 285
348 275
376 269
403 273
425 287
301 314
301 343
300 371
300 400
271 412
286 416
301 422
317 416
333 413
216 314
233 306
251 308
267 322
249 323
231 322
341 322
357 308
376 307
393 315
378 322
359 324
242 442
264 439
285 438
302 442
319 438
343 441
371 442
347 467
322 478
303 480
285 477
264 465
253 446
285 449
302 451
320 450
361 446
321 458
303 460
285 457
