149 326
149 364
155 403
160 441
172 479
194 513
222 539
255 558
293 564
330 557
360 534
386 504
404 473
415 439
422 405
426 371
429 335
181 298
199 282
224 276
249 280
273 288
321 286
347 279
372 279
394 287
407 304
298 315
298 343
298 371
300 400
265 415
280 420
296 424
311 419
325 415
206 323
222 317
240 317
254 326
238 328
221 328
338 327
352 319
369 320
383 328
368 332
352 332
235 461
258 452
282 448
296 451
313 446
331 450
348 457
330 476
313 487
295 490
278 488
257 480
242 463
281 461
297 463
313 460
342 459
312 469
295 473
279 470
