188 331
190 362
194 393
199 425
210 455
227 481
249 503
274 521
304 526
332 520
357 502
376 477
392 451
401 422
403 390
406 360
408 330
206 298
218 281
238 273
258 273
277 280
319 277
340 270
360 271
378 280
390 297
298 312
299 336
300 358
299 381
277 395
287 397
299 401
310 397
322 395
230 319
242 310
256 311
267 322
255 323
241 323
328 321
340 310
354 308
366 317
356 321
342 322
252 429
269 422
286 420
299 423
313 419
331 421
350 427
333 449
316 458
300 460
286 458
268 449
257 431
285 429
299 430
314 428
344 429
315 446
300 449
286 447
