172 321
175 357
182 392
189 426
199 459
217 491
242 517
272 538
306 544
341 536
372 517
397 490
415 459
425 426
430 390
433 353
432 317
191 304
207 286
230 282
255 286
279 296
310 295
335 286
361 281
387 285
406 302
296 321
298 347
299 373
300 400
273 411
287 415
300 420
315 415
329 410
219 326
233 319
249 320
263 330
248 331
232 331
333 331
348 319
365 319
381 326
367 330
350 331
246 446
262 437
283 434
301 437
316 433
338 437
359 443
340 468
319 481
301 483
283 480
263 468
251 448
284 444
301 445
317 443
352 445
318 463
301 466
283 463
