166 318
168 354
173 390
178 424
188 457
207 486
232 514
262 534
300 542
338 538
369 519
396 494
416 463
426 426
431 388
435 353
439 315
190 295
208 281
232 277
256 282
278 293
326 292
351 282
377 278
403 282
420 301
301 323
300 349
300 374
300 400
269 412
284 416
299 422
314 418
329 414
217 324
233 317
249 318
263 329
247 331
231 330
340 329
355 319
372 318
387 326
373 332
357 332
240 446
263 444
283 441
298 444
314 441
334 445
357 448
335 465
315 473
298 474
282 471
262 462
249 449
282 453
297 456
313 455
347 451
315 453
299 454
283 451
