151 314
153 355
157 398
166 438
183 476
209 508
238 537
270 560
307 566
345 558
377 535
406 507
430 475
444 439
454 401
460 362
462 321
182 285
203 268
230 266
257 272
283 283
324 283
353 274
382 270
411 274
432 292
303 316
301 344
300 371
300 400
270 415
286 418
303 422
320 418
337 413
210 318
227 311
247 312
265 325
246 326
226 325
344 325
361 313
380 313
398 321
382 326
363 327
241 451
264 444
289 439
306 444
325 439
351 444
376 450
353 479
327 494
307 496
287 493
263 480
248 454
288 450
307 451
326 449
368 452
326 474
307 476
288 473
