189 322
193 355
198 387
204 418
213 449
227 477
248 500
273 519
301 523
332 519
358 501
379 477
395 449
403 417
405 384
409 351
410 319
208 297
221 279
241 275
261 280
280 290
309 290
329 278
350 273
372 275
387 292
295 314
296 337
297 360
298 384
279 398
289 402
299 405
310 402
320 397
230 320
241 313
255 313
267 322
254 325
241 325
328 321
339 311
352 309
364 316
354 323
340 324
263 439
278 432
291 427
300 430
310 427
322 432
337 437
322 451
309 459
300 460
289 459
276 452
270 440
290 439
300 440
310 439
330 438
309 439
299 441
289 440
