135 279
140 325
145 369
154 411
167 453
190 488
220 516
253 538
292 546
333 538
365 515
394 486
419 452
433 412
442 370
450 327
454 282
166 257
190 242
220 241
247 248
273 262
331 264
357 251
382 244
409 245
428 261
301 299
300 332
300 366
299 400
267 409
282 416
297 423
313 418
328 413
202 297
221 284
242 287
259 303
240 306
218 306
340 303
357 288
379 287
395 299
381 308
360 308
238 444
262 446
281 444
296 450
310 445
329 448
352 447
329 467
310 476
294 477
279 474
260 465
246 448
280 455
295 456
310 456
342 452
310 456
295 458
280 454
