139 362
143 400
150 438
160 476
175 512
199 540
230 563
266 581
307 587
346 580
379 560
406 534
427 502
436 464
442 426
445 387
447 348
170 313
186 291
214 285
243 287
271 298
314 298
340 286
369 282
397 289
414 310
294 328
296 352
299 376
300 400
265 425
282 428
300 432
316 427
333 423
202 338
219 329
237 328
253 339
236 340
218 341
335 339
352 328
368 328
384 337
370 339
352 340
240 480
261 463
284 456
301 459
317 455
340 461
361 473
341 494
319 507
302 510
284 508
261 498
248 480
284 470
301 470
317 468
353 473
319 488
302 490
284 490
