182 317
185 352
190 386
197 419
206 450
222 478
242 503
268 519
298 522
326 516
348 495
366 467
381 439
389 408
396 376
400 344
402 312
206 306
219 289
239 283
261 285
281 292
315 290
334 283
355 281
373 286
384 302
300 316
299 340
300 364
300 390
273 399
286 402
299 406
310 400
322 396
229 320
242 314
255 315
267 322
254 323
241 323
328 321
339 313
351 312
362 318
352 321
340 321
248 431
267 427
286 424
299 426
311 422
327 423
342 424
328 445
314 456
300 460
286 459
267 452
253 433
286 432
298 433
312 430
337 427
313 441
299 445
286 444
