170 320
172 354
177 389
182 423
191 455
209 485
233 511
261 531
297 538
332 534
362 518
385 493
402 463
409 429
415 395
420 362
423 327
197 304
213 289
236 287
259 292
282 302
324 298
346 288
370 284
393 288
409 304
300 330
299 354
299 376
300 400
271 414
284 418
298 423
311 418
324 416
221 332
236 324
252 325
264 335
250 338
233 337
335 336
350 325
367 323
380 333
370 338
352 339
253 460
270 450
286 443
297 448
310 445
325 452
341 461
324 476
309 482
295 483
283 481
268 474
262 461
285 458
296 460
310 460
333 463
309 460
296 462
284 460
