181 323
182 353
186 383
189 415
198 445
214 472
237 494
264 511
296 516
326 508
352 488
370 463
384 436
391 404
395 375
399 347
400 320
212 290
226 276
247 275
266 279
285 288
312 289
330 281
348 276
366 276
379 287
299 315
300 337
300 359
301 380
280 398
290 401
299 404
309 401
318 397
233 320
245 314
258 314
267 322
256 323
244 323
328 321
338 313
349 313
360 319
350 322
338 323
263 440
277 431
291 424
300 427
308 424
321 429
332 437
322 451
310 458
300 460
290 459
277 453
269 441
290 439
299 439
309 438
327 438
309 440
300 442
290 441
