150 342
153 380
159 418
168 455
180 491
200 523
231 547
268 562
310 566
351 560
388 543
421 518
442 487
453 450
460 413
466 376
469 335
180 295
199 277
226 273
253 278
279 290
325 287
351 277
377 272
404 276
425 293
301 322
301 348
300 374
299 400
273 421
287 425
302 430
317 425
331 422
210 329
227 319
245 320
262 331
245 332
226 334
343 332
359 320
378 320
395 329
379 333
361 334
246 468
271 459
291 452
304 457
319 452
341 458
366 463
342 481
321 490
306 493
291 492
270 484
256 471
291 469
304 469
320 468
356 465
320 470
305 473
291 471
