164 319
165 355
171 392
177 427
188 461
205 493
228 521
258 541
297 549
336 543
365 524
389 500
407 470
418 437
422 401
428 363
428 326
190 280
209 269
232 268
253 272
274 283
329 284
349 274
371 269
394 271
411 284
300 315
300 343
300 371
300 400
271 413
284 417
298 421
313 418
326 415
213 317
228 306
245 308
260 321
243 324
226 323
341 322
356 309
374 308
388 319
374 325
356 326
248 446
268 444
285 443
299 447
311 443
328 447
347 450
329 468
314 478
299 479
284 476
267 466
257 450
285 455
298 457
313 456
339 453
312 456
298 458
285 456
