170 341
172 372
175 404
180 435
190 466
209 490
232 513
261 530
294 535
328 530
356 514
382 493
402 469
414 440
419 409
423 378
424 346
191 312
208 297
231 293
255 296
277 304
317 300
341 292
363 289
385 294
401 310
298 334
299 357
299 377
300 400
271 415
285 418
298 422
311 419
324 415
220 341
234 333
250 334
262 344
248 347
232 346
333 344
345 334
360 332
373 340
362 346
347 346
242 448
266 447
285 444
297 447
311 443
327 447
349 450
327 462
310 467
297 468
283 467
265 461
250 451
284 453
297 455
310 453
342 452
310 454
297 456
284 454
