147 330
149 367
154 404
161 440
176 472
201 498
229 520
261 534
296 539
329 533
356 514
381 488
399 459
410 427
415 391
417 356
419 322
182 300
201 287
226 286
249 290
272 298
311 298
334 290
357 286
377 287
394 300
294 325
296 350
297 374
300 400
270 415
284 418
298 422
311 420
322 415
210 327
225 319
242 321
256 332
241 333
224 332
327 333
340 322
357 321
371 328
359 334
341 335
236 446
261 446
283 444
296 447
310 443
328 448
347 447
328 465
310 472
295 473
280 471
260 464
244 450
283 453
296 455
310 454
340 450
309 456
295 457
281 455
