159 307
162 346
169 384
174 422
185 458
206 490
230 518
262 540
301 547
339 540
372 517
398 489
417 457
426 422
435 384
440 346
444 307
182 285
199 268
226 266
252 272
276 283
329 280
354 268
379 262
406 266
422 284
303 315
302 344
301 371
300 400
268 412
283 419
298 424
315 420
330 414
215 316
231 310
248 311
263 321
247 324
229 323
339 322
355 311
372 311
388 317
374 322
356 324
249 456
266 450
283 447
297 453
313 449
330 453
348 460
330 477
311 483
295 483
280 481
264 471
257 457
282 460
297 462
313 462
340 462
311 462
296 464
281 461
