192 309
193 344
197 379
202 413
213 444
230 472
249 494
272 510
297 513
321 507
342 487
360 462
376 435
388 406
394 373
398 340
400 307
212 289
226 275
245 275
263 280
280 290
318 290
336 281
353 275
371 276
384 289
299 317
299 341
299 366
300 391
274 398
286 401
299 406
311 402
323 397
229 318
242 314
255 315
267 322
255 323
241 322
328 321
340 315
352 314
363 318
353 322
340 323
251 428
270 424
287 422
299 425
314 421
330 422
347 423
330 445
315 457
300 460
285 459
268 450
255 430
286 429
299 430
314 427
340 426
314 442
300 446
286 443
