161 333
167 371
176 408
185 443
196 477
215 506
241 532
271 551
305 556
340 548
369 525
394 497
411 466
420 431
425 395
429 360
432 324
188 311
202 292
224 282
250 283
275 291
316 294
338 285
362 282
384 287
402 301
297 329
298 352
298 376
300 400
279 422
291 425
302 428
312 424
322 420
216 339
230 330
248 330
264 339
248 346
230 346
332 339
346 329
362 326
377 333
365 342
347 343
259 471
275 460
291 453
303 457
315 452
332 458
350 466
334 484
319 493
304 495
291 494
275 488
267 471
291 467
304 468
316 466
342 467
316 473
303 475
291 474
