148 293
152 336
159 378
167 420
180 461
199 498
225 529
258 554
298 560
338 551
371 526
395 494
416 458
429 418
438 379
445 340
447 299
177 279
198 260
225 259
250 265
274 277
326 278
350 268
375 261
400 262
420 277
298 306
299 337
299 367
299 400
267 406
282 411
299 417
316 411
333 404
204 307
220 298
239 301
254 312
236 313
218 313
345 312
360 302
378 301
394 309
379 314
362 315
241 446
262 437
284 432
300 435
317 431
337 434
358 442
339 468
320 484
301 487
283 486
263 473
249 449
284 445
300 445
318 443
350 445
319 461
300 464
284 463
