177 331
179 365
182 402
188 436
202 467
222 495
245 521
272 535
303 538
335 528
364 508
387 482
406 454
416 422
421 389
424 356
427 323
193 318
206 297
230 291
254 296
277 303
316 304
339 296
362 292
385 296
401 310
299 326
299 351
299 375
300 400
271 410
285 414
299 417
312 413
326 409
222 329
236 322
251 322
265 331
250 331
235 331
331 331
344 321
358 320
373 326
359 329
345 331
238 437
261 436
284 435
298 437
314 434
336 434
359 433
337 457
317 468
300 471
285 471
262 461
245 439
284 442
298 443
314 440
350 436
316 455
300 457
285 456
