188 324
190 356
195 387
201 419
210 448
227 474
249 496
274 512
302 518
331 512
356 494
377 472
392 447
401 417
406 386
411 355
412 323
206 293
218 277
240 275
262 283
281 293
312 292
330 280
350 273
371 273
388 288
295 315
295 339
295 362
295 386
272 400
283 404
295 406
308 402
320 398
226 319
239 311
254 311
267 322
253 325
238 325
328 321
341 310
355 310
367 319
356 324
341 324
261 438
275 430
289 425
299 429
310 424
325 428
339 430
325 446
312 457
300 460
288 459
274 451
267 438
289 438
299 440
310 437
333 432
311 438
299 441
289 439
