194 330
196 362
200 394
205 425
214 456
228 484
247 506
271 520
300 523
329 520
353 504
372 480
387 452
395 420
401 388
404 357
405 325
214 300
226 283
243 277
262 279
282 284
308 283
328 276
349 273
368 281
381 298
296 313
297 333
298 354
298 375
279 400
289 403
298 405
308 402
319 399
231 321
241 312
256 312
267 322
255 326
241 327
328 321
338 311
353 311
365 320
353 325
340 325
264 446
278 435
292 427
301 430
308 428
322 434
336 445
322 454
309 458
300 460
291 458
278 454
269 446
292 442
300 442
309 442
331 445
308 444
300 445
291 443
