155 312
160 349
169 386
177 421
190 455
210 485
235 511
265 532
299 539
334 534
366 515
395 486
419 456
435 419
444 381
447 341
448 301
181 290
196 271
223 269
249 278
273 290
319 290
343 277
369 270
397 272
417 287
296 317
298 345
299 371
300 400
269 409
284 414
300 418
315 413
329 409
211 317
228 309
246 312
261 326
245 325
226 323
335 326
351 313
370 311
385 318
371 324
353 326
239 444
264 443
285 441
300 444
317 440
339 442
360 440
340 465
319 477
301 480
284 478
263 469
246 447
284 447
300 449
317 447
352 444
317 462
301 464
285 463
