148 341
153 376
157 408
161 443
171 476
193 504
222 526
257 542
292 549
326 543
357 523
382 502
402 476
413 445
417 411
420 380
423 349
188 314
203 296
227 290
252 293
274 303
319 302
341 294
366 294
387 303
399 321
297 333
297 356
299 377
300 400
270 417
284 420
298 424
311 421
325 417
217 338
231 333
247 334
262 343
246 343
231 342
328 344
342 335
357 335
372 343
358 344
342 344
236 450
260 446
283 442
297 444
312 441
331 445
351 450
332 468
313 475
298 478
282 477
260 467
243 452
282 451
297 452
312 452
344 452
313 462
298 464
282 463
