163 316
164 352
166 389
170 425
183 458
206 484
234 506
264 524
297 528
329 522
357 500
381 475
400 446
407 411
410 375
410 341
410 308
197 297
214 280
238 275
262 280
284 289
313 287
335 277
356 270
378 272
391 289
299 317
300 339
299 361
300 384
275 402
287 406
299 409
312 405
324 401
227 318
240 310
256 311
267 322
254 326
239 325
328 321
340 307
354 306
367 313
357 321
342 324
252 442
272 437
288 432
299 435
312 431
327 435
344 440
326 451
312 457
300 460
287 458
271 452
260 444
288 443
299 444
312 442
337 442
311 441
299 444
288 443
