166 334
169 371
173 408
180 443
192 477
213 506
238 531
270 547
304 553
337 543
367 522
392 496
411 467
421 433
425 398
429 364
434 331
191 309
206 288
232 283
257 288
281 298
320 297
344 289
369 286
393 291
408 309
299 326
299 351
299 375
299 400
268 410
284 414
299 417
315 412
330 409
221 333
236 325
251 326
263 336
250 335
234 334
337 336
349 327
363 327
376 335
364 336
350 336
246 446
267 436
287 432
303 435
317 431
339 434
361 440
340 466
319 479
302 482
287 481
266 470
252 447
287 444
302 445
318 442
353 442
318 464
302 466
286 465
