157 338
163 377
170 415
177 450
190 486
210 514
237 540
267 559
303 566
342 560
379 543
412 519
436 491
448 454
454 415
458 375
459 335
182 301
199 283
225 279
253 283
279 292
323 293
348 281
374 276
402 280
422 297
299 323
300 349
299 373
300 400
273 416
287 420
301 425
316 421
330 417
216 329
230 321
248 321
262 332
246 336
229 336
341 332
357 320
375 319
390 328
376 335
358 336
245 460
264 452
284 447
300 452
314 449
334 454
356 465
335 482
315 488
299 488
282 487
264 478
251 461
285 458
300 460
315 460
349 466
315 472
299 472
283 470
