165 320
163 356
166 392
172 430
182 467
200 500
226 526
257 549
294 557
331 550
364 529
394 506
416 476
428 439
434 402
440 365
440 327
187 284
208 274
231 277
254 284
276 293
317 292
340 281
364 275
389 273
410 283
298 321
298 347
299 373
300 400
270 416
283 421
298 426
313 421
326 416
210 322
226 315
245 316
259 327
244 332
224 332
335 327
351 316
369 315
384 324
371 332
353 333
245 462
266 456
285 450
296 453
309 450
326 457
345 462
327 482
309 491
295 493
282 491
264 484
254 465
284 465
296 466
308 465
336 464
308 469
296 470
283 469
