188 320
188 352
192 381
197 412
206 443
223 470
245 493
271 511
298 515
326 507
350 486
370 461
386 433
394 403
399 373
403 344
402 314
206 298
220 284
240 279
260 284
278 294
316 295
334 286
354 282
374 285
388 298
298 319
300 341
301 364
302 387
278 399
289 401
301 405
312 401
323 397
229 317
241 310
255 311
267 322
253 322
240 321
328 321
340 312
353 310
365 316
354 320
341 321
249 423
268 423
286 420
300 423
313 419
330 420
347 418
331 442
314 456
300 460
284 459
266 448
255 427
286 430
300 432
313 429
341 422
313 439
300 444
285 441
