150 330
153 369
159 407
168 444
185 477
210 505
239 531
271 549
306 552
339 543
367 520
392 492
413 462
424 429
428 392
429 357
429 320
181 296
199 275
225 272
251 277
277 288
311 288
336 277
359 272
383 274
400 289
296 314
297 343
298 371
300 400
264 408
281 413
298 418
314 412
330 407
210 320
226 311
243 313
258 324
241 323
225 322
331 324
345 311
362 310
377 317
363 321
347 322
232 436
257 433
282 433
299 436
318 432
343 432
366 430
345 463
322 478
303 482
283 480
257 466
239 438
282 441
299 444
318 440
358 435
320 463
301 466
283 464
