153 303
157 343
164 382
172 422
186 458
211 490
240 518
272 537
308 542
344 536
373 513
395 484
414 452
424 418
429 379
434 342
436 303
177 280
197 266
222 268
247 273
272 283
324 282
348 270
374 265
400 266
419 281
299 309
300 339
300 370
300 400
271 410
286 415
302 420
316 415
330 410
209 308
225 301
243 301
258 313
241 315
223 315
339 313
354 301
372 300
387 307
374 314
356 314
248 445
269 442
288 439
303 443
320 438
341 439
361 441
343 463
324 474
307 476
289 474
269 463
258 447
287 449
304 451
321 449
354 444
323 452
305 455
288 453
