187 320
188 351
193 385
197 418
206 448
222 475
242 498
268 512
297 516
325 508
350 491
373 470
389 442
398 410
404 378
409 346
412 314
206 291
221 277
241 273
262 277
281 283
314 283
334 274
353 271
373 273
388 284
298 313
299 338
300 362
300 388
277 402
288 406
299 409
310 405
321 400
228 318
241 310
255 311
267 322
253 324
239 322
328 321
340 310
354 308
366 315
355 321
342 322
258 442
274 433
289 428
300 431
311 427
325 431
339 435
326 449
312 457
300 460
289 459
274 454
265 443
289 442
299 442
311 439
333 437
311 440
299 443
288 443
