189 312
190 347
195 382
200 414
210 447
225 475
246 498
269 515
296 519
322 512
344 494
363 470
376 443
385 413
390 381
394 350
395 316
211 300
226 286
245 284
263 287
280 295
316 292
334 284
353 282
369 287
381 302
299 317
299 341
300 365
301 390
277 400
288 404
299 407
310 403
321 399
232 319
245 313
257 314
267 322
255 323
243 322
328 321
338 314
350 313
359 319
350 322
339 322
256 434
273 430
288 427
300 430
311 425
324 427
337 429
324 447
312 456
300 460
288 459
273 452
261 436
288 436
299 437
311 434
332 431
312 442
300 445
288 444
