197 327
200 356
204 388
208 421
218 454
232 483
253 510
277 531
306 537
337 533
363 513
384 488
399 459
407 426
411 392
415 358
415 326
210 297
222 279
241 277
261 281
280 290
308 288
329 277
351 273
372 278
389 295
295 313
296 336
296 359
297 382
277 401
288 406
299 410
310 406
319 402
233 323
243 316
256 316
267 322
256 326
244 326
328 321
340 314
353 314
364 320
354 324
341 324
260 443
274 436
287 432
299 436
311 432
327 437
346 443
328 454
312 459
300 460
287 459
274 454
268 445
287 443
299 444
312 443
340 445
312 443
299 445
287 443
