179 332
180 363
186 397
192 430
201 462
218 490
238 514
265 528
296 533
327 527
356 511
382 489
399 462
409 430
415 398
421 367
423 335
197 304
212 290
234 286
255 290
277 297
313 299
335 291
355 286
377 287
394 299
298 328
297 351
299 375
300 400
276 416
287 420
299 423
310 420
319 418
220 331
233 323
248 324
260 334
246 337
232 337
331 334
343 323
358 323
371 330
359 336
345 337
259 460
273 451
287 444
298 448
309 445
324 451
338 460
324 469
310 474
298 476
285 475
272 470
264 460
287 458
298 460
310 459
331 460
309 460
297 462
286 460
