168 341
170 376
176 409
183 441
196 473
214 502
238 525
266 541
299 544
330 537
358 520
381 497
401 470
414 439
420 406
426 374
430 342
189 307
205 288
231 284
255 287
278 298
322 296
346 286
370 284
394 291
410 308
300 326
299 350
300 374
300 400
269 411
284 415
299 419
314 414
329 410
219 330
233 323
248 324
259 333
247 333
233 332
340 333
352 325
367 324
379 332
366 334
353 334
247 449
265 436
285 431
301 434
317 431
337 435
355 446
338 468
318 481
301 483
284 482
264 472
252 449
286 445
301 445
317 443
349 447
318 463
301 467
285 464
