154 321
153 360
157 402
163 444
175 484
196 519
225 548
262 571
302 578
342 568
377 543
407 511
427 477
438 439
445 401
450 362
452 323
180 285
200 267
228 264
255 269
281 278
321 275
348 268
375 265
401 270
420 288
301 312
301 341
301 370
300 400
271 419
285 424
298 430
314 425
328 420
211 315
227 304
246 306
262 320
244 321
226 320
339 320
354 307
374 307
390 318
375 324
356 324
244 467
267 458
287 453
301 457
314 453
334 460
356 468
333 486
314 496
300 497
285 496
266 485
253 470
288 473
301 474
315 473
346 471
314 474
300 476
287 474
