164 305
168 341
176 376
183 411
194 444
213 474
240 499
268 520
303 526
335 520
361 501
385 477
404 448
414 414
420 378
426 341
429 305
189 290
209 279
232 280
255 287
278 295
316 292
339 282
362 277
387 277
406 290
298 321
298 347
299 373
299 400
273 411
286 416
300 420
312 416
325 412
215 321
231 313
249 314
262 327
247 331
229 331
333 327
347 313
365 312
379 322
367 330
349 331
252 452
270 444
287 439
300 445
315 441
331 446
348 453
332 466
316 473
300 474
285 473
269 464
260 453
286 454
300 456
314 454
340 454
315 454
300 456
286 454
