183 307
185 343
191 380
198 415
209 448
226 477
246 501
271 517
300 520
328 513
353 493
374 467
390 438
399 405
406 372
410 337
412 303
201 287
215 269
237 267
257 273
276 284
316 284
336 274
356 267
376 268
391 282
298 315
299 340
299 364
300 390
274 402
287 405
300 410
312 405
324 400
226 318
239 308
255 310
267 322
253 323
238 323
328 321
340 309
355 307
366 315
356 321
341 323
253 434
273 430
289 427
299 431
311 427
326 430
343 430
327 446
312 457
300 460
287 459
271 450
260 437
288 440
299 441
312 440
337 433
312 440
299 442
288 440
