172 327
174 362
177 397
183 432
192 465
209 494
231 518
260 537
294 544
328 539
358 524
382 501
401 474
414 441
421 407
427 373
431 339
200 296
218 283
239 280
259 285
280 295
327 294
348 287
369 284
390 288
407 302
302 328
301 351
301 375
300 400
274 414
286 419
298 423
311 419
323 414
228 330
242 323
257 325
267 335
255 335
240 334
338 335
349 328
364 328
376 335
365 338
350 338
247 452
269 447
287 443
299 446
313 443
331 446
351 452
332 470
313 480
298 482
285 481
267 472
256 456
286 456
299 457
312 455
343 455
313 464
299 467
286 465
