155 336
158 372
165 409
172 445
184 481
203 511
230 537
265 555
302 558
340 553
374 535
400 509
419 479
431 444
439 410
443 373
445 336
185 304
201 285
226 279
250 283
273 292
322 291
345 283
369 280
392 286
409 302
299 328
299 352
300 375
300 400
274 419
286 423
300 426
312 423
325 420
217 336
231 328
247 328
259 338
246 341
230 341
337 338
349 328
364 328
378 336
366 340
351 341
250 466
271 458
288 453
300 456
312 453
329 458
350 466
330 482
313 486
300 487
287 486
271 481
258 468
288 468
300 469
312 468
342 468
312 468
300 470
288 468
