161 317
165 357
170 394
177 433
189 468
211 499
238 526
269 547
305 555
344 550
381 532
414 506
440 475
454 437
462 397
468 357
471 317
189 295
207 276
233 271
259 279
285 291
326 289
353 278
382 271
410 275
431 293
304 320
302 346
300 372
300 400
275 417
288 421
303 424
319 422
335 418
218 324
234 315
253 316
270 328
251 332
232 331
347 328
363 315
383 314
400 323
384 331
364 331
251 461
271 456
291 449
305 453
318 449
340 456
364 463
340 478
318 486
304 488
289 486
271 478
257 463
290 465
305 467
318 465
357 464
318 466
304 468
290 465
