153 306
154 348
159 390
166 430
178 468
203 502
227 533
259 561
298 571
339 563
375 537
406 507
433 472
449 433
455 390
461 347
463 303
176 281
196 264
222 262
248 265
273 275
326 274
351 263
379 260
407 265
428 282
298 304
299 336
300 367
300 400
266 411
282 417
299 423
317 417
332 412
207 307
224 300
241 302
258 312
240 313
222 311
345 313
362 302
380 301
397 308
381 312
363 312
228 448
255 445
280 444
299 447
318 443
344 444
370 448
345 476
319 490
299 493
279 490
253 476
236 450
279 453
299 456
318 452
362 450
319 470
299 473
279 471
