134 312
138 351
144 390
154 431
169 471
192 506
222 537
258 559
300 567
339 559
373 536
403 505
425 469
438 428
446 387
451 346
452 307
171 283
193 270
220 269
246 274
272 284
321 282
345 272
371 268
395 270
416 284
297 313
298 342
299 371
300 400
273 418
285 423
299 427
312 423
325 419
205 314
222 306
241 308
256 320
238 323
220 322
339 320
352 310
371 308
386 317
372 324
355 325
244 458
269 456
286 453
300 457
314 453
331 457
353 458
331 477
314 485
300 487
285 485
267 476
253 462
286 465
300 467
314 465
344 462
314 466
300 468
285 465
