134 328
139 368
145 407
153 445
164 484
186 516
218 541
255 560
296 565
335 560
369 540
396 514
416 482
428 444
433 404
439 363
441 322
168 293
187 276
215 272
242 277
271 284
319 282
345 272
371 269
399 272
416 291
295 318
297 345
298 371
300 400
270 418
284 422
299 425
313 421
327 417
201 325
217 315
237 315
253 328
235 333
216 332
335 328
350 314
370 313
386 323
371 330
352 331
238 466
262 456
283 449
299 454
314 449
333 456
354 465
333 478
315 484
299 485
282 484
261 479
248 467
282 466
299 467
314 466
344 466
314 464
299 466
282 464
