186 322
190 354
196 386
202 419
211 451
228 479
249 505
275 524
304 530
336 524
365 506
390 481
409 452
419 418
423 382
426 348
425 312
207 295
221 282
240 278
260 281
280 288
308 289
330 277
351 273
374 275
392 288
295 315
295 341
296 366
296 392
275 404
286 409
298 413
309 408
321 402
231 318
242 310
256 311
267 322
255 324
241 324
328 321
339 308
354 306
367 314
356 319
341 321
258 437
275 436
288 433
300 436
311 433
327 436
344 436
327 452
312 459
300 460
287 458
273 450
264 440
289 445
300 446
312 444
338 439
312 445
299 447
288 446
