163 327
164 363
168 399
173 435
182 472
200 503
227 530
260 548
301 554
341 548
379 532
409 506
429 475
442 440
449 403
454 367
456 331
191 294
206 277
229 276
252 280
274 290
329 288
353 279
377 275
402 280
420 295
302 325
301 350
300 375
300 400
273 417
286 420
301 425
314 420
329 416
218 330
234 322
251 322
265 333
249 335
232 334
341 334
356 323
373 322
389 330
375 335
358 335
246 457
266 446
286 441
301 445
318 440
339 445
360 455
341 474
319 486
302 488
285 487
265 476
255 459
286 456
302 457
318 455
351 456
319 463
302 467
286 465
