162 329
165 365
170 401
176 437
185 472
204 502
230 528
262 548
302 553
341 548
374 529
401 503
423 473
434 438
441 402
447 367
450 330
188 303
204 284
228 277
253 279
278 289
323 290
347 280
374 279
400 288
417 307
299 320
299 347
299 373
300 400
271 414
286 418
302 421
317 417
332 412
217 332
232 324
250 324
264 334
248 337
230 337
339 334
354 325
371 324
386 332
372 337
355 337
245 453
268 447
288 441
305 444
321 441
342 444
366 450
344 470
323 479
306 481
288 479
268 472
253 456
287 456
305 458
321 457
358 454
323 457
307 460
289 458
