188 321
190 354
196 385
202 415
212 444
226 470
246 490
271 505
301 508
329 503
353 484
373 462
387 435
394 405
399 375
404 344
406 312
208 292
224 281
244 279
263 284
282 290
315 288
334 281
352 277
370 278
383 288
298 315
299 338
299 361
299 385
276 399
288 402
300 406
310 402
322 399
229 320
241 313
256 314
267 322
254 324
240 325
328 321
340 312
354 311
366 317
355 324
341 323
257 439
273 431
289 425
300 429
311 424
326 430
341 436
327 449
312 457
300 460
288 459
272 453
263 439
288 439
300 441
312 439
335 436
312 439
299 442
288 440
