182 324
186 356
191 388
196 419
208 448
225 472
246 494
272 511
301 515
332 509
358 489
381 465
397 440
407 411
411 379
414 348
417 317
206 297
218 282
238 276
258 279
278 288
317 286
337 276
358 273
380 278
394 295
297 314
297 337
298 360
298 384
272 394
285 397
298 402
312 397
324 393
229 321
241 312
255 313
267 322
254 325
240 325
328 321
341 310
354 309
367 316
356 321
342 322
245 427
264 421
283 418
298 420
314 416
333 418
353 420
335 446
316 456
300 460
283 458
264 448
251 429
283 427
298 428
314 425
347 423
316 441
299 444
284 443
