177 310
181 346
186 381
192 417
204 451
222 478
245 501
271 518
302 523
333 519
358 500
378 474
394 445
403 411
407 376
410 341
411 306
198 288
214 272
234 271
255 276
273 286
320 287
337 277
356 270
375 272
391 285
298 316
299 344
301 372
302 399
276 408
289 412
301 418
313 414
324 410
227 318
239 308
255 311
267 322
253 324
238 324
328 321
341 310
355 309
368 318
357 323
343 324
255 435
273 435
287 433
299 438
312 434
325 436
343 437
326 451
313 459
300 460
286 457
272 450
262 438
286 441
299 443
313 442
336 440
312 443
299 444
286 442
