147 316
149 357
154 397
161 436
172 475
194 509
221 536
255 558
295 562
335 556
369 534
398 505
421 475
434 438
442 400
447 362
450 322
174 290
193 269
221 264
248 268
275 278
325 275
353 266
381 263
408 271
425 293
299 308
299 339
299 369
300 400
265 413
281 418
297 423
314 417
330 412
204 312
221 304
240 305
256 316
238 317
220 315
344 316
360 306
377 306
392 315
378 317
361 318
234 453
261 449
282 444
297 449
313 444
334 448
358 450
333 465
314 474
297 476
280 475
259 469
244 455
281 457
297 458
314 456
348 452
314 456
297 459
281 457
