174 310
176 347
180 383
188 417
199 451
218 480
242 509
269 534
301 542
334 535
365 514
392 489
416 461
430 427
438 391
444 353
450 316
198 295
216 279
241 278
265 282
289 291
328 290
354 282
378 279
402 283
420 299
306 322
304 347
302 373
300 400
274 412
287 416
301 419
315 416
328 414
227 321
243 313
260 314
273 328
257 329
241 327
343 328
357 315
374 315
388 323
375 330
358 330
256 449
274 446
289 443
301 447
314 442
331 447
352 451
333 464
315 473
302 474
289 473
274 465
263 451
289 455
301 457
313 456
344 452
315 455
302 456
290 454
