166 299
167 338
173 376
178 416
190 454
211 489
236 521
267 547
305 555
343 545
375 521
402 489
423 455
435 417
442 379
446 339
446 302
190 283
207 266
231 265
255 269
278 278
320 280
343 270
369 268
393 269
412 286
299 312
299 341
299 370
299 400
267 410
283 415
299 420
315 415
332 410
216 311
232 304
250 307
264 319
247 320
229 318
338 319
353 309
370 307
386 313
372 320
354 322
239 440
261 441
283 438
299 442
315 438
338 439
361 439
339 470
317 485
300 489
282 486
261 471
245 444
282 448
299 451
316 449
355 442
316 467
299 471
282 467
