176 326
178 359
180 391
186 422
199 450
220 473
244 494
270 510
299 514
327 506
352 488
374 463
392 438
403 409
408 377
408 346
407 316
205 290
220 277
241 275
261 280
280 287
318 286
335 277
354 274
372 274
386 285
300 314
301 338
302 361
303 385
271 396
285 401
300 406
313 400
325 394
227 318
241 311
255 312
267 322
252 322
239 321
328 321
341 310
355 309
368 316
355 319
342 320
242 423
264 421
284 420
299 423
314 418
333 418
353 416
335 443
315 457
300 460
283 458
263 448
248 425
284 426
299 428
313 425
348 419
315 441
300 445
284 443
