184 332
186 364
191 398
197 432
207 462
224 490
247 513
276 530
307 534
337 527
366 511
393 491
414 464
425 432
433 396
437 360
439 325
202 298
215 283
236 279
257 283
278 290
317 289
339 279
362 275
385 276
405 288
300 323
300 348
300 373
300 400
277 417
289 420
301 423
313 418
325 413
223 326
237 318
253 319
266 330
252 332
236 332
336 330
349 318
365 316
379 323
368 329
352 330
260 458
276 450
292 443
303 447
316 442
334 447
351 453
336 465
319 475
305 477
293 477
278 471
267 459
291 458
303 460
316 457
344 454
318 457
305 459
292 458
