160 313
163 349
171 385
179 420
190 455
208 484
232 511
262 532
298 538
335 532
365 510
388 483
407 452
418 417
425 382
431 346
432 309
186 291
203 276
226 273
250 276
273 286
320 284
343 277
365 271
387 275
406 289
299 316
299 344
299 371
300 400
272 412
285 418
299 422
313 417
327 413
213 320
227 313
245 314
259 324
243 328
226 328
336 324
350 314
367 312
381 320
369 327
352 328
247 453
268 448
286 444
302 448
315 443
332 446
352 452
335 469
317 479
303 480
286 478
267 470
256 456
285 458
301 459
316 458
344 453
317 458
302 461
286 458
