167 342
170 377
175 413
186 447
199 478
220 506
243 534
274 552
310 558
344 550
374 530
397 502
416 472
425 439
431 404
435 367
437 332
192 304
208 286
233 283
257 287
282 297
317 297
341 287
366 282
391 286
407 303
301 321
301 347
300 373
299 400
270 408
286 413
301 417
316 413
332 408
221 326
237 319
253 320
266 331
251 332
234 330
337 331
351 320
366 319
380 326
367 331
352 332
246 449
266 441
286 436
302 439
318 436
342 439
363 445
344 472
322 485
305 489
287 487
267 474
251 451
286 447
303 448
319 447
357 447
321 468
305 471
288 469
