196 315
199 348
204 380
211 412
222 442
240 468
258 492
277 512
302 516
328 509
349 489
369 466
386 439
395 411
400 379
404 347
407 313
209 304
221 287
239 282
259 284
278 290
310 289
330 282
351 280
370 286
384 301
296 316
296 341
296 367
297 393
273 398
285 403
297 406
309 400
322 396
230 319
243 312
256 313
267 322
255 321
242 321
328 321
339 312
351 311
362 317
352 320
340 320
251 426
268 425
286 424
299 427
312 424
330 423
348 421
330 445
313 457
300 460
286 459
268 449
256 430
286 431
298 432
312 429
342 424
313 443
300 446
286 445
