176 339
179 373
185 408
191 443
203 476
221 505
243 533
271 555
306 562
342 556
375 537
403 511
425 482
435 448
440 412
444 376
447 340
203 305
216 286
240 282
263 285
285 293
322 292
346 283
371 280
395 286
413 302
303 323
302 348
301 373
300 400
275 417
288 422
301 425
315 421
329 418
227 329
241 321
257 322
269 334
255 335
240 334
341 334
355 323
371 322
385 330
371 335
357 336
252 456
269 450
288 447
302 450
318 448
341 452
361 457
341 480
319 493
301 495
285 492
268 480
258 458
287 458
301 460
318 458
355 458
319 474
302 477
286 474
