126 304
132 349
140 393
151 435
167 475
193 507
226 533
263 548
300 554
336 547
370 523
397 492
418 457
429 417
436 377
442 335
444 293
163 283
186 266
215 266
243 273
269 283
313 281
339 271
365 266
390 266
410 278
293 309
295 339
297 369
300 400
269 417
283 421
298 424
311 421
324 417
196 312
214 303
235 304
252 318
233 321
212 320
330 319
346 303
366 303
384 312
369 321
348 321
235 456
263 455
285 452
299 456
313 453
333 456
354 456
333 473
313 483
297 485
281 483
261 474
244 460
285 464
299 465
314 463
345 459
312 464
297 466
282 464
