167 294
171 334
180 374
187 413
198 451
215 485
240 513
271 536
309 541
346 536
377 512
403 482
421 446
434 409
442 370
450 332
452 293
188 278
207 262
233 262
257 270
281 283
326 285
351 273
377 266
404 266
424 281
302 312
302 340
300 370
300 400
275 409
287 416
300 421
314 415
328 409
217 306
232 299
250 300
264 314
248 316
229 316
348 314
362 304
381 303
395 311
382 319
364 318
263 458
276 447
290 440
303 446
317 440
333 446
347 455
335 473
319 484
305 487
290 484
276 474
269 458
290 457
303 459
318 457
341 455
319 457
304 461
290 457
