194 322
197 353
202 385
208 417
218 448
234 476
253 499
275 519
305 527
335 521
364 502
387 480
406 453
413 421
416 388
419 355
419 322
207 294
218 277
238 274
259 278
278 287
309 285
329 276
350 271
373 274
390 290
293 312
293 333
293 354
293 376
274 393
284 396
295 400
307 396
319 393
230 320
242 313
255 314
267 322
254 324
241 324
328 321
339 313
353 312
366 318
355 322
341 323
254 434
271 427
285 421
297 423
309 419
326 425
347 432
328 450
312 457
300 460
286 459
271 452
261 436
285 431
297 431
310 429
341 433
311 443
298 445
285 444
