157 313
161 352
168 390
174 428
186 464
207 495
234 521
266 540
305 547
343 540
375 522
401 495
418 463
429 427
435 389
440 350
442 312
189 295
206 280
229 278
253 284
274 294
317 295
341 284
364 278
388 280
406 295
297 322
299 347
299 374
299 400
272 413
285 417
300 421
315 416
330 413
216 324
231 315
248 317
263 329
247 331
229 330
334 329
350 318
367 315
382 324
368 330
351 331
243 445
265 442
287 440
302 442
319 440
341 440
363 444
341 467
321 479
303 481
286 479
266 469
250 449
287 449
302 450
319 449
355 447
320 461
303 462
287 460
