171 298
173 333
178 370
185 405
195 438
213 469
235 497
262 517
297 523
332 517
359 497
381 468
398 437
407 403
415 370
422 335
425 302
196 286
214 274
238 277
259 283
279 292
320 291
341 283
363 277
384 276
402 288
299 319
299 347
299 373
300 400
273 409
286 414
298 418
311 413
323 408
222 320
237 312
255 313
267 324
252 327
235 327
330 324
344 314
361 313
373 322
362 329
345 329
255 442
274 437
290 433
300 436
311 433
327 436
342 441
328 455
313 464
301 466
288 464
273 457
263 445
288 445
300 446
312 444
334 444
313 445
301 447
289 446
