149 296
151 336
159 378
166 419
178 457
200 490
228 518
261 541
299 546
335 538
364 514
387 481
406 448
420 411
429 373
435 334
438 294
178 278
197 263
223 261
247 266
272 275
323 275
347 268
371 264
394 267
412 282
299 310
299 340
299 369
300 400
268 414
283 418
299 423
314 418
329 412
204 311
221 306
240 307
254 317
238 320
219 319
339 318
354 307
372 307
388 313
373 320
355 321
242 457
265 451
285 445
301 450
315 444
333 448
350 454
334 472
317 483
300 487
284 486
264 478
250 459
285 463
301 465
316 462
342 456
315 460
300 465
284 463
