166 315
164 353
167 393
172 433
185 471
208 503
237 533
267 558
306 566
344 561
381 540
413 516
439 487
454 449
461 410
466 371
469 331
194 289
212 275
237 273
261 280
284 290
328 289
354 282
383 277
409 284
430 301
306 315
303 343
301 371
300 400
273 410
286 416
302 421
318 416
334 411
220 314
236 307
254 309
269 321
253 320
236 318
347 321
362 310
379 311
397 318
381 321
364 321
237 442
259 440
283 439
303 444
324 440
352 442
380 445
352 475
324 488
302 491
281 487
257 473
243 445
283 447
303 450
323 448
373 448
323 471
303 474
282 471
