155 330
157 366
162 401
167 438
176 474
196 507
225 534
261 553
303 558
343 551
378 531
406 503
426 471
434 435
437 400
439 364
438 329
183 295
201 277
226 275
252 278
278 288
314 287
339 277
365 273
391 275
410 291
297 320
298 347
298 373
300 400
273 417
285 422
300 425
313 421
325 416
214 326
229 317
246 319
260 329
244 332
228 331
334 329
348 319
365 316
379 324
367 330
350 331
249 468
268 459
287 452
301 456
315 451
333 457
353 465
335 480
319 488
303 491
288 489
269 484
257 470
287 467
301 467
315 466
344 467
316 468
302 469
288 469
