156 334
159 373
164 411
167 447
179 482
199 511
226 536
258 555
295 561
332 556
366 537
395 515
418 487
431 451
439 414
447 377
452 337
189 303
206 285
232 278
257 281
282 289
330 288
356 278
383 276
409 283
426 303
302 324
301 349
300 374
300 400
271 417
285 422
299 426
314 422
328 417
220 332
235 325
250 325
263 333
249 335
234 335
344 333
358 324
374 323
388 330
375 334
359 334
245 464
265 455
284 450
298 452
312 450
332 453
354 462
333 480
314 487
299 489
283 487
265 480
254 466
283 463
298 464
312 463
344 465
313 468
299 469
284 467
