158 330
158 366
162 402
169 437
180 470
200 501
226 525
258 541
295 546
330 541
363 521
391 496
410 467
420 435
426 402
430 370
434 336
194 313
212 295
238 290
264 294
289 301
312 301
337 294
363 290
387 296
403 313
302 324
301 349
300 374
300 400
272 418
285 422
298 426
310 422
323 417
219 332
235 323
253 324
267 335
251 339
233 339
332 335
348 324
365 324
379 334
366 340
349 339
247 464
265 455
284 448
298 452
314 447
329 452
345 463
329 476
314 482
298 484
282 483
264 478
255 465
283 463
298 464
314 462
338 463
314 463
298 466
283 464
