174 312
176 346
180 380
188 412
200 443
219 470
241 494
270 512
302 516
333 509
358 489
381 466
399 440
410 409
416 377
420 344
423 311
195 296
210 279
234 276
257 280
280 290
316 290
339 280
361 277
383 281
399 296
297 315
298 340
298 364
299 389
271 399
285 403
298 406
313 402
325 397
225 319
238 312
253 313
267 322
252 323
237 323
328 321
340 312
355 312
367 319
356 322
342 323
248 429
267 424
284 421
299 423
313 420
331 422
350 425
332 445
316 457
300 460
284 459
266 450
254 430
284 428
299 429
314 427
341 427
315 440
300 443
284 441
