150 330
150 370
156 409
167 446
184 484
206 516
235 543
267 558
303 560
337 552
367 535
393 509
413 478
426 440
434 402
442 365
446 327
176 290
197 274
225 273
251 279
277 290
328 289
355 279
382 273
408 276
427 291
302 320
301 347
300 372
299 400
270 418
285 421
299 424
315 421
329 419
205 321
223 312
243 312
258 325
240 329
221 329
343 325
359 311
379 312
395 319
381 328
362 329
252 473
267 460
284 452
298 456
313 452
331 459
347 471
333 484
316 493
300 495
284 495
268 488
259 472
284 469
299 471
314 469
339 471
315 471
300 473
285 471
