178 306
182 342
190 380
197 417
208 451
226 481
249 506
274 524
303 526
331 515
355 492
376 465
391 436
399 401
403 365
408 328
411 290
197 296
211 279
233 275
254 279
274 287
316 287
336 278
355 274
375 274
389 287
299 313
299 343
299 372
300 400
276 407
288 411
301 414
312 410
323 406
225 318
238 308
254 309
267 322
253 324
236 324
328 321
340 306
355 304
368 312
358 320
343 322
253 436
272 435
288 432
300 434
313 431
329 433
345 430
329 447
313 457
300 460
287 460
270 454
257 438
288 441
300 441
313 439
338 433
313 441
300 445
287 445
