175 335
177 368
181 403
185 437
192 471
209 501
233 525
264 542
299 547
333 538
362 519
387 495
404 466
414 433
418 399
424 367
427 333
195 312
210 295
233 290
256 294
277 305
321 304
342 294
365 292
386 298
400 313
299 326
299 350
299 375
300 400
273 414
286 419
299 421
312 418
326 414
222 330
236 323
252 324
265 333
251 334
235 335
335 333
348 325
363 325
376 332
363 336
349 335
252 453
273 449
291 444
302 447
315 443
330 447
347 450
330 468
315 478
300 481
288 480
271 472
260 454
290 455
302 457
315 454
340 452
314 459
301 463
289 461
