188 324
190 357
196 389
203 421
214 450
230 478
248 503
271 520
300 526
331 521
360 506
386 483
406 455
419 425
426 392
431 359
433 327
200 301
214 285
236 283
257 289
276 299
316 301
339 292
362 286
384 287
402 300
298 328
298 352
299 375
300 400
273 411
286 415
300 420
312 415
326 412
224 331
238 322
254 323
266 336
252 337
236 336
334 336
347 325
362 323
375 332
364 337
348 338
253 445
272 440
288 437
299 441
312 438
330 441
349 443
329 458
313 467
298 468
286 468
271 461
260 447
286 449
299 451
312 449
342 445
312 452
298 453
286 451
