150 308
153 350
158 392
166 434
179 471
201 506
229 537
260 562
299 570
336 563
370 538
399 509
422 476
435 436
446 396
452 354
455 313
177 289
197 272
226 267
254 273
280 286
329 288
355 276
383 268
411 272
430 291
302 317
302 345
300 372
299 400
268 419
283 425
300 431
317 426
332 422
210 316
227 306
248 308
263 322
245 325
225 325
345 323
361 310
382 309
397 317
383 327
363 327
247 469
268 465
286 460
298 463
310 460
327 466
351 474
329 488
310 496
297 498
283 495
268 487
255 471
285 473
298 475
311 475
342 474
309 476
297 478
285 474
