151 302
155 342
163 383
172 422
185 458
207 491
234 518
266 538
302 542
335 531
366 509
389 479
408 447
421 411
429 374
434 336
438 297
176 287
192 267
219 263
246 270
270 283
316 283
340 272
365 265
390 268
409 283
295 315
296 344
298 371
300 400
266 408
282 412
298 417
314 411
330 406
208 318
224 308
242 309
257 323
240 323
222 322
330 323
345 309
363 307
379 317
365 321
348 323
231 437
259 436
283 434
298 437
314 432
336 434
360 433
337 460
316 474
299 477
282 475
259 465
239 439
282 441
298 443
315 440
351 436
315 459
298 463
282 461
