149 280
150 320
156 360
162 400
174 438
195 473
223 503
255 530
294 538
330 530
358 504
383 475
402 440
413 403
421 364
428 323
430 285
180 282
203 268
231 270
257 278
282 291
315 291
339 278
365 270
391 269
411 285
298 314
300 342
300 371
300 400
269 411
284 414
298 419
312 415
325 411
211 308
228 302
247 303
259 316
243 319
225 317
333 316
348 303
365 302
379 308
367 317
350 319
247 451
264 443
282 437
296 442
310 438
328 444
343 453
328 470
311 479
295 482
279 479
262 469
253 453
280 453
295 456
310 455
335 455
310 455
296 457
280 455
