194 320
196 351
199 382
205 414
215 445
230 473
250 499
274 519
301 525
330 522
355 505
373 479
387 450
395 417
400 384
404 351
403 319
210 296
222 282
241 278
260 281
278 290
317 288
334 277
353 274
372 278
385 294
297 315
298 338
298 360
299 383
274 395
286 399
299 404
310 399
321 395
233 318
243 312
256 313
267 322
255 324
243 324
328 321
340 312
353 310
365 317
354 322
341 322
252 425
268 421
286 418
298 421
309 419
327 420
346 424
328 448
312 458
300 460
287 458
269 448
257 427
287 427
299 428
310 427
340 427
311 443
299 445
287 444
