156 349
160 385
165 422
173 458
187 492
208 520
235 544
268 558
304 563
338 556
368 538
394 513
412 484
424 450
431 416
435 380
437 345
184 305
200 285
226 280
252 285
276 296
309 294
335 286
360 282
384 289
400 305
296 326
296 350
298 375
300 400
270 421
284 423
298 427
311 425
324 422
210 334
225 324
244 325
259 336
243 339
224 338
329 336
345 326
362 326
376 335
363 341
346 340
247 468
268 454
286 447
297 451
310 449
327 456
346 466
326 477
310 483
296 484
283 483
266 478
254 468
284 465
297 466
310 465
337 467
309 465
296 466
284 465
