162 316
165 356
168 395
174 433
185 468
206 499
232 525
266 544
304 550
343 542
377 523
406 497
425 466
434 430
440 392
443 353
447 313
188 294
204 277
228 275
250 283
271 293
319 292
342 282
366 275
391 276
411 289
298 322
298 348
298 374
300 400
268 412
284 417
298 422
314 417
330 413
213 324
229 314
247 316
262 330
246 330
228 329
337 330
351 316
369 315
385 324
371 330
353 331
240 444
262 438
283 437
298 440
315 438
338 440
362 444
339 468
317 479
300 482
282 479
261 468
247 447
282 446
298 448
315 446
355 447
316 464
298 466
282 464
