172 341
173 377
177 413
184 447
197 481
218 510
244 535
275 555
310 561
344 554
376 534
402 510
422 481
434 447
439 413
442 377
442 342
189 300
206 284
229 279
254 283
275 294
320 294
345 283
370 278
394 283
414 299
298 328
299 352
299 375
300 400
276 421
288 424
301 428
313 424
326 419
217 336
230 327
247 327
264 337
247 342
229 342
336 337
352 327
370 325
385 333
372 340
354 340
250 467
272 462
289 458
303 461
317 457
336 459
360 460
339 478
321 486
305 488
292 487
273 482
258 468
290 470
303 471
318 468
352 463
319 469
304 471
290 470
