167 307
170 344
177 381
184 418
197 451
219 480
244 506
272 527
305 536
338 530
369 510
397 486
419 457
432 423
438 384
442 346
445 308
193 288
211 276
235 277
257 283
279 292
319 292
341 281
367 275
393 277
413 293
299 314
300 342
299 371
300 400
273 408
287 414
300 419
315 413
329 409
220 315
235 307
252 307
265 321
251 321
234 319
337 322
352 308
369 308
383 317
370 321
353 322
244 437
265 436
286 435
302 439
319 436
341 436
365 437
343 468
319 480
302 482
284 478
263 464
251 440
286 441
302 443
319 441
359 440
320 464
303 466
286 463
