152 304
154 346
158 388
166 430
178 470
200 504
229 534
264 557
304 565
343 557
378 531
405 500
426 466
436 425
442 385
447 343
447 302
188 280
206 267
230 263
256 266
280 275
316 273
342 266
369 263
394 266
414 281
300 310
300 340
300 370
300 400
273 420
287 424
301 428
314 423
328 418
212 312
228 305
246 306
262 316
244 319
227 318
339 316
355 305
372 304
389 311
374 317
356 318
250 468
271 462
288 456
303 459
315 454
334 459
356 462
336 480
318 489
304 493
289 491
271 485
258 470
288 471
303 472
316 470
347 465
317 470
303 472
289 471
