151 296
154 336
160 376
165 417
176 456
196 491
223 524
257 551
299 558
342 550
376 522
402 490
422 456
433 418
437 378
442 338
444 298
177 284
197 266
224 263
250 267
275 279
322 280
347 269
373 265
400 268
420 284
299 312
299 341
300 370
299 400
272 414
287 418
301 423
317 417
331 411
209 312
226 304
245 304
260 319
242 320
224 319
338 319
353 306
372 304
388 313
374 320
356 320
247 451
266 445
287 441
303 445
319 442
339 445
360 447
341 470
321 483
303 486
286 483
265 472
256 455
286 459
303 461
319 460
351 452
319 460
303 462
286 459
