164 334
164 371
170 411
180 448
197 484
220 514
247 539
274 558
306 564
339 557
369 536
397 511
422 480
437 443
446 403
449 363
450 321
185 281
203 264
230 263
255 272
277 284
321 283
345 272
371 265
396 267
415 282
301 316
301 344
300 371
300 400
272 420
287 423
303 427
318 423
334 420
210 317
227 308
247 309
264 325
245 326
226 324
340 326
355 311
374 311
390 318
376 327
358 328
251 469
272 458
292 451
306 456
320 452
339 458
359 467
341 484
322 494
306 495
292 495
272 486
259 470
292 469
306 471
320 469
350 469
320 472
306 473
292 471
