159 279
161 322
167 366
175 408
187 449
208 485
235 514
270 537
310 542
350 533
386 510
416 477
440 443
456 403
464 361
469 317
471 273
180 262
204 250
233 253
259 261
285 274
326 274
353 259
380 249
411 244
439 256
305 296
303 330
302 365
300 400
271 405
286 412
302 417
320 411
337 404
210 294
228 287
247 288
264 301
244 301
225 300
353 301
370 289
389 287
406 293
391 300
371 301
243 435
268 433
289 431
306 435
324 431
347 432
374 433
348 455
325 465
306 467
287 465
267 456
252 439
288 443
306 447
324 443
362 437
324 443
306 446
288 443
