150 322
150 361
154 399
159 437
170 474
190 506
217 535
251 557
291 563
330 555
362 534
391 507
412 474
425 438
433 400
439 361
443 322
179 287
198 272
223 273
248 280
273 290
321 289
344 279
368 273
393 272
414 286
299 319
299 346
300 372
300 400
267 412
282 418
298 423
313 419
327 415
208 321
225 314
244 316
258 327
242 329
224 328
335 327
351 316
369 316
385 323
371 329
354 331
234 446
257 443
278 442
294 446
309 444
329 447
353 452
330 478
309 489
291 491
274 487
253 475
241 451
278 454
293 456
309 456
343 455
309 467
292 468
276 465
