200 340
199 370
200 400
206 429
217 457
233 480
252 502
276 518
305 522
332 518
358 504
380 485
398 461
408 432
413 400
416 367
417 335
212 293
222 276
239 272
257 275
274 284
316 284
334 275
352 272
370 274
385 286
296 314
295 333
295 353
295 373
275 395
287 396
298 398
308 394
319 393
230 320
242 309
257 310
267 322
256 324
242 323
328 321
340 309
355 309
366 318
355 322
342 323
259 436
272 423
286 417
297 418
309 416
327 423
345 435
329 450
312 458
300 460
288 459
273 454
263 436
287 429
297 428
310 427
339 436
310 443
298 444
287 443
