144 318
146 356
153 394
160 433
173 471
195 504
223 531
257 550
296 555
333 549
362 527
387 498
406 464
417 425
423 387
428 350
429 314
175 287
197 272
225 273
252 279
277 291
315 291
339 281
364 273
388 273
407 289
296 317
297 344
298 372
300 400
269 415
283 420
297 424
310 419
323 416
210 316
226 308
244 309
257 323
242 325
223 323
332 323
345 311
363 310
377 318
364 326
346 327
244 454
264 447
282 442
295 447
309 443
325 450
343 459
325 472
308 480
294 482
280 480
262 471
251 456
282 457
295 459
308 459
335 460
308 459
295 461
281 459
