163 287
168 329
178 369
186 410
197 450
217 488
242 521
272 546
309 554
346 548
380 525
411 496
433 459
445 418
452 376
459 334
463 291
179 267
200 250
229 250
257 257
284 269
326 268
355 257
384 249
416 252
439 271
302 304
302 335
301 368
300 400
276 415
288 420
302 423
316 419
330 416
213 301
230 291
250 293
265 311
247 314
227 313
346 312
362 294
384 292
400 301
386 313
365 314
257 466
273 460
291 452
304 458
319 452
338 458
358 465
341 482
321 491
306 494
290 491
273 482
266 467
290 470
304 472
320 470
349 466
320 470
305 472
290 469
