165 305
167 344
172 382
178 420
187 455
205 487
229 515
260 538
296 543
332 539
363 520
387 491
407 459
420 423
428 384
433 345
436 307
191 285
209 266
234 266
259 271
285 281
320 281
344 271
368 265
393 268
409 286
300 313
300 342
300 370
300 400
270 410
285 414
299 419
314 415
328 410
218 313
235 305
251 307
264 321
250 320
233 319
335 321
349 309
367 307
382 316
369 321
352 322
247 450
265 442
283 438
300 442
317 439
336 444
356 450
338 465
319 474
300 475
282 473
265 465
254 452
283 452
299 456
317 454
349 452
318 455
300 457
284 454
