136 313
137 354
141 394
147 435
161 473
188 502
221 526
258 544
295 547
331 539
362 518
390 492
414 463
426 428
431 391
434 352
436 314
170 284
190 266
217 265
242 272
266 282
328 283
350 273
372 268
396 269
412 283
296 315
296 343
298 371
299 400
266 411
281 416
296 421
311 416
326 411
205 318
222 311
240 312
254 322
237 322
220 321
333 322
347 311
363 311
378 318
364 321
348 323
231 446
256 438
279 435
297 440
314 435
336 437
357 440
338 468
315 482
296 486
277 484
254 473
238 448
279 446
296 448
315 444
350 443
315 465
296 468
279 465
