157 303
161 342
167 382
174 420
186 456
207 486
235 512
267 532
304 539
340 534
373 515
400 489
420 459
432 424
437 386
443 348
449 307
189 286
207 270
232 271
256 278
278 289
322 291
346 278
369 273
395 274
414 289
301 316
301 343
300 371
300 400
271 410
286 414
301 420
316 414
332 410
216 315
232 307
250 310
265 323
248 324
230 322
339 323
355 311
373 308
387 317
375 324
357 325
241 438
264 437
285 435
302 439
320 435
343 437
368 437
346 466
322 479
303 482
285 479
262 465
248 442
285 443
302 446
320 444
361 440
322 461
303 464
285 460
