187 314
190 347
194 381
198 414
207 445
223 473
244 495
271 513
304 518
335 513
364 496
385 471
402 444
412 412
416 379
418 344
419 311
205 298
218 280
236 276
256 281
275 289
312 290
331 280
352 275
374 278
389 293
296 314
296 338
297 362
298 385
274 396
287 400
298 404
311 399
322 395
230 317
241 311
255 311
267 322
253 324
240 323
328 321
340 310
353 308
366 314
356 321
341 322
249 426
266 422
285 419
298 422
311 418
329 420
348 423
331 447
313 457
300 460
285 457
266 447
254 427
285 426
298 428
312 426
343 425
312 442
299 445
285 443
