162 350
163 390
167 432
173 472
182 511
200 544
226 572
260 592
300 598
342 593
379 574
410 548
433 517
447 478
457 436
464 396
468 356
186 310
204 290
231 287
258 294
285 306
326 306
354 295
383 290
411 294
429 311
303 333
302 356
300 376
300 400
271 429
284 434
299 438
315 435
329 430
215 342
231 331
251 331
266 345
249 348
230 348
344 345
362 332
382 333
397 344
383 349
363 349
247 489
267 473
284 464
297 468
312 465
333 475
355 492
332 505
313 511
297 512
282 509
266 503
256 489
283 483
297 484
312 484
345 491
312 487
297 489
283 487
