172 317
176 355
181 393
188 431
202 464
224 494
248 519
276 538
308 541
339 531
365 507
389 479
408 451
417 419
420 384
424 350
426 316
187 309
205 291
230 287
255 292
278 303
317 305
339 295
363 288
387 289
406 305
298 325
298 350
299 374
300 399
275 413
287 415
301 418
313 414
327 411
219 324
233 315
250 316
265 327
249 330
232 329
335 327
346 317
362 316
376 324
364 329
349 329
252 449
272 449
290 446
304 448
317 443
335 443
356 441
338 463
321 475
307 479
292 479
272 470
260 452
291 453
305 453
318 450
348 444
320 460
306 464
291 463
