175 324
178 359
183 392
189 426
199 458
217 487
239 512
266 532
297 540
333 534
361 517
385 492
403 462
413 428
420 393
428 357
431 320
193 290
211 280
234 279
257 283
278 292
322 292
345 284
368 279
391 279
409 292
300 322
301 348
300 374
300 400
274 415
286 419
299 422
312 419
325 416
217 321
231 314
248 314
262 327
246 330
229 329
338 327
352 314
370 313
383 321
371 329
353 330
256 447
273 445
286 441
298 445
310 443
323 448
341 453
324 468
310 475
296 475
284 472
272 463
263 450
286 453
298 456
309 454
334 455
309 455
298 456
285 454
