144 302
148 345
155 387
164 428
177 469
201 504
229 535
264 560
301 569
339 562
373 538
401 509
425 477
439 440
448 398
454 358
461 315
178 295
198 277
226 272
253 276
280 285
325 284
352 275
380 272
408 278
427 296
302 313
301 342
300 370
299 400
268 408
284 413
299 419
316 415
332 412
214 316
230 309
248 310
262 321
246 321
229 320
343 321
359 311
376 311
392 319
377 320
361 322
234 446
257 439
281 438
298 442
318 438
343 442
368 445
343 477
317 491
297 492
279 490
255 475
240 448
281 449
298 452
317 448
360 448
317 472
297 474
280 471
