173 316
176 351
180 386
185 421
196 454
216 483
242 507
269 530
303 538
339 533
371 512
399 488
424 460
436 423
441 386
444 349
445 312
192 301
211 287
235 285
258 291
281 300
318 302
343 291
368 286
394 289
415 304
300 323
300 349
300 374
300 400
275 410
287 414
300 420
314 415
328 413
222 322
236 316
252 317
265 327
250 330
234 329
339 328
352 319
369 317
385 323
371 329
355 330
250 446
268 439
286 436
300 440
315 437
336 440
358 445
337 465
315 476
300 478
284 476
266 465
257 447
286 445
301 447
316 446
350 447
315 459
300 461
284 459
