163 314
166 351
172 388
178 424
189 459
210 490
236 517
267 538
302 543
333 537
359 516
383 489
403 460
413 425
419 390
425 354
428 318
188 297
208 282
233 280
257 286
281 296
319 290
344 282
369 276
394 280
411 297
299 324
300 349
300 374
300 400
274 417
287 420
299 423
311 420
324 417
218 324
234 317
251 319
263 331
248 333
231 332
334 331
346 318
363 317
378 325
366 331
349 332
250 460
271 452
287 446
301 450
314 445
330 450
348 455
331 467
315 473
301 476
287 475
270 470
258 460
287 458
300 460
315 457
341 457
315 457
301 460
288 458
