156 326
159 361
164 397
170 430
182 463
206 492
233 516
265 534
300 538
333 531
361 509
384 483
401 454
410 421
415 387
417 353
419 320
183 302
199 283
225 277
249 281
273 291
311 292
335 282
359 278
383 281
399 298
295 319
296 346
298 373
300 400
267 406
282 412
299 417
313 412
326 406
214 322
229 316
244 316
258 325
244 325
228 325
326 325
340 316
354 316
368 322
356 325
341 326
237 439
257 432
281 432
298 435
315 432
336 433
355 437
338 463
317 476
298 479
281 477
257 464
242 441
281 439
298 442
315 439
349 439
316 462
298 465
281 463
