137 319
139 358
143 397
152 435
164 471
188 503
219 529
258 548
299 554
339 548
375 529
403 500
423 468
433 431
441 394
444 356
444 319
172 291
191 274
218 271
245 275
271 287
319 288
345 278
373 274
399 279
418 295
296 318
296 345
298 371
300 400
267 414
283 420
299 424
314 420
330 414
203 324
221 316
239 317
255 328
237 329
219 327
334 328
350 318
369 318
384 326
368 329
350 329
236 454
258 445
282 441
300 444
317 440
340 443
359 451
341 475
319 489
301 492
281 490
258 477
244 456
281 452
300 455
318 451
352 453
319 468
300 471
281 469
