153 318
155 357
160 396
167 435
178 472
199 507
227 537
262 558
302 566
344 561
378 540
407 508
426 474
438 436
444 396
446 357
446 317
175 288
195 270
222 271
248 277
274 288
316 285
344 275
372 269
400 273
418 290
297 316
298 344
299 371
300 400
270 416
285 420
300 424
313 420
325 416
207 322
222 312
241 314
256 326
240 329
221 328
337 326
353 313
371 313
387 321
373 328
355 329
240 456
263 452
284 448
297 452
310 448
332 452
357 456
335 480
313 491
297 494
284 492
263 480
247 459
284 462
297 463
311 461
350 459
312 472
297 474
284 472
