136 295
138 337
142 378
149 420
161 459
182 496
210 527
246 550
286 558
326 553
362 530
392 500
416 464
432 425
441 385
449 345
452 305
167 272
188 253
217 249
245 254
272 266
331 269
357 258
384 254
411 258
429 276
301 304
300 336
300 368
299 400
268 416
282 420
297 425
312 421
326 418
204 302
222 292
244 293
260 310
241 313
220 311
340 310
358 295
377 294
394 306
379 314
359 314
238 453
261 449
280 446
296 452
312 448
330 452
351 456
329 471
311 478
295 479
278 476
258 468
247 455
279 458
296 460
312 460
342 459
311 460
295 461
279 459
