186 334
187 367
189 399
195 432
204 464
219 493
240 518
268 536
304 543
339 539
372 527
400 505
420 477
431 444
438 409
442 373
445 338
206 308
219 290
241 288
261 294
281 303
322 302
344 294
367 289
390 291
407 307
303 332
302 355
301 377
300 400
274 413
288 417
301 421
315 418
329 415
229 337
242 327
259 328
272 340
257 341
241 340
340 340
353 329
370 327
384 337
371 341
355 342
252 448
268 440
286 438
299 441
314 440
334 443
359 451
335 470
315 477
300 478
285 476
268 468
257 449
286 445
300 447
314 447
352 452
314 463
300 464
285 461
