171 306
173 345
177 383
183 422
196 457
217 489
241 516
270 540
304 549
340 542
376 521
408 494
434 463
451 426
456 387
458 348
461 307
187 293
201 272
226 265
251 269
273 279
323 276
351 267
378 267
403 274
421 290
301 312
301 341
300 370
300 400
271 406
286 413
301 418
317 412
333 408
220 314
236 306
254 309
269 319
253 320
235 318
339 319
355 309
372 309
387 315
373 319
357 321
245 435
266 429
287 428
302 432
322 429
346 431
368 435
347 461
323 476
302 479
284 477
264 464
251 439
286 439
302 441
322 439
361 438
322 457
302 459
285 457
