159 306
163 343
167 381
175 419
188 454
209 486
234 513
263 534
300 542
337 537
370 518
398 493
421 462
434 425
440 387
445 347
448 306
186 292
202 277
226 273
249 277
271 288
321 285
346 274
371 269
398 274
417 292
298 317
299 345
300 371
300 400
270 409
284 413
299 418
315 414
329 410
217 318
231 311
248 313
261 323
245 325
229 324
338 323
352 313
369 312
384 319
371 326
354 326
245 443
263 439
280 437
297 443
314 439
332 442
354 444
333 469
314 480
296 481
278 477
261 464
253 445
280 446
297 449
314 448
346 447
313 462
296 463
278 460
