175 319
179 354
184 387
190 420
199 451
217 477
240 499
269 516
303 521
336 514
365 495
387 471
404 444
412 412
415 379
420 346
423 312
200 298
214 281
236 275
259 278
281 286
314 287
335 277
358 274
381 280
397 296
297 311
298 336
299 361
300 387
273 396
286 401
300 405
314 400
326 395
228 320
239 314
253 314
267 322
254 323
240 323
328 321
341 313
354 312
367 318
355 321
341 321
247 428
265 420
283 418
299 420
315 417
333 419
350 426
333 446
317 457
300 460
282 458
265 447
254 429
283 426
299 427
315 425
344 427
316 440
299 444
283 441
