148 283
150 325
155 368
161 411
169 454
190 494
217 527
252 551
295 558
335 553
372 532
402 503
426 468
439 428
446 385
453 341
456 301
175 270
198 254
227 253
255 263
281 277
330 275
357 261
386 254
416 255
435 277
303 301
302 333
301 367
300 400
267 413
283 418
300 423
316 418
332 413
206 300
224 290
245 292
261 307
242 309
221 307
346 307
364 292
385 291
403 302
387 310
366 310
235 454
260 452
282 447
297 452
313 447
334 452
360 454
336 473
315 482
298 484
280 482
259 472
244 458
280 463
298 465
314 463
352 457
315 463
298 466
281 463
