141 346
145 383
151 420
159 455
173 486
195 513
223 534
257 547
292 549
325 540
351 519
373 495
389 467
396 435
400 402
405 369
409 334
173 317
194 300
221 294
249 297
274 306
309 306
332 300
354 297
376 300
392 316
293 328
294 352
297 375
300 400
267 411
282 415
297 418
310 414
323 409
205 336
221 328
238 328
253 338
237 341
219 341
322 338
335 328
352 328
364 335
352 340
337 341
241 454
262 443
283 436
297 439
312 435
328 441
342 450
328 465
312 473
296 476
281 475
261 470
248 455
282 448
297 449
312 447
335 451
311 457
297 460
282 459
