177 325
177 357
180 388
187 419
198 448
216 472
238 494
265 511
297 517
327 512
353 495
373 471
389 443
399 412
405 382
411 350
413 318
205 290
221 277
243 276
264 284
282 296
313 289
333 280
355 273
376 277
388 294
301 314
301 337
302 360
301 382
276 400
288 403
299 404
310 403
321 401
226 318
238 310
254 312
267 322
253 325
237 326
328 321
340 308
355 309
366 317
356 323
341 324
263 446
275 432
289 424
298 429
311 423
322 432
332 443
323 453
312 458
300 460
287 458
276 453
268 445
288 439
299 440
311 439
327 443
312 438
299 441
288 439
