148 329
154 367
160 403
170 441
181 477
202 507
230 533
262 552
301 558
341 552
375 533
404 508
427 479
437 443
444 406
448 365
448 327
183 301
202 286
228 282
254 288
279 296
316 294
342 285
367 280
393 282
414 297
299 325
300 351
300 375
300 400
271 416
286 421
301 426
316 422
331 417
212 330
227 322
245 322
261 334
244 338
226 337
337 334
351 321
369 319
384 327
371 336
353 336
249 464
268 456
286 451
300 455
313 451
331 457
353 464
332 479
313 487
300 487
285 486
268 477
257 464
287 463
300 465
314 463
345 465
314 470
300 471
286 470
