187 307
191 342
197 377
202 411
211 445
226 474
245 503
270 524
301 530
333 525
362 507
384 480
401 449
410 415
415 377
418 341
420 304
203 294
216 277
234 272
254 277
272 285
315 283
335 274
356 269
377 274
393 291
295 314
295 341
295 370
295 398
271 405
284 410
297 415
310 409
323 405
228 318
240 310
254 311
267 322
253 323
239 321
328 321
342 311
356 308
369 315
358 321
343 322
247 431
266 431
284 430
298 434
313 431
331 430
354 428
333 448
315 457
300 460
284 457
266 448
253 433
284 439
298 442
313 439
347 431
314 440
298 443
284 441
