163 320
164 359
171 398
177 436
189 472
209 504
234 531
264 550
301 553
335 547
366 526
393 497
412 466
422 429
429 391
435 353
438 318
185 293
206 276
233 279
258 287
282 297
319 297
344 287
368 280
393 279
413 293
301 323
300 348
300 373
300 400
273 418
285 422
298 426
310 423
323 420
216 322
231 315
250 317
262 328
247 331
229 331
339 328
352 317
370 317
383 324
372 332
355 332
254 467
269 456
284 451
297 456
311 451
327 457
344 466
328 478
312 485
297 486
282 485
267 480
260 467
283 467
296 468
312 466
337 467
312 466
296 468
282 466
