152 333
152 369
157 405
163 441
174 476
195 508
222 533
254 551
291 557
326 551
354 530
376 502
395 472
408 438
417 404
421 370
421 335
186 297
204 283
228 280
252 284
275 293
320 292
341 283
365 282
386 289
401 306
297 319
298 346
299 372
300 400
266 414
282 418
297 422
311 418
326 413
210 325
224 319
241 320
256 329
239 330
223 329
334 330
349 322
364 322
378 329
365 332
350 332
227 449
254 445
278 442
296 445
311 441
331 444
353 448
331 474
311 483
295 485
276 485
252 475
233 451
278 451
295 452
310 451
347 451
311 468
295 470
277 469
