166 301
169 341
174 380
180 417
191 453
210 485
232 513
259 533
292 540
325 534
354 515
382 489
405 460
418 425
427 388
434 349
439 308
185 289
205 276
231 276
255 282
278 290
318 289
343 283
369 278
393 280
412 293
299 317
299 344
299 371
300 400
271 413
284 416
298 421
312 416
326 412
213 315
228 306
248 308
263 323
245 323
225 323
336 323
349 308
368 308
384 317
369 323
351 325
238 444
258 438
280 436
296 440
313 436
333 440
354 447
332 471
311 482
293 485
275 483
254 470
245 446
278 445
295 448
312 446
345 449
311 463
295 467
278 464
