181 317
182 349
186 382
193 414
203 445
220 472
242 495
269 511
300 516
330 510
357 491
378 466
394 438
404 406
409 375
413 342
413 310
209 297
224 285
243 281
262 283
282 289
311 288
331 283
350 280
371 281
386 291
297 317
297 340
297 364
297 387
276 403
287 406
297 409
308 405
319 402
228 320
241 314
255 314
267 322
253 324
239 324
328 321
340 312
354 311
366 316
355 321
340 322
257 441
273 437
287 431
299 434
309 429
323 433
340 434
325 449
311 457
300 460
288 459
274 454
264 442
287 444
299 444
309 442
334 437
309 442
300 444
288 443
