182 339
185 369
189 400
194 431
205 459
224 483
247 504
273 520
303 524
332 517
355 502
377 481
392 456
401 427
405 396
408 365
410 333
204 295
218 280
237 276
258 278
277 285
316 284
335 276
355 274
375 278
388 293
298 312
299 335
298 356
298 379
273 392
286 397
299 402
311 398
323 395
227 319
240 312
254 312
267 322
254 323
240 323
328 321
341 312
355 311
366 318
356 322
342 323
248 424
267 418
285 416
299 419
313 417
334 421
353 427
335 449
315 459
300 460
285 457
267 447
254 426
286 426
300 428
314 426
348 429
314 445
299 446
285 443
