163 346
163 379
167 413
170 447
178 481
195 510
223 535
255 552
294 558
334 554
369 539
398 516
417 487
426 452
432 417
435 385
437 351
188 303
206 284
231 279
256 282
280 292
325 291
351 281
377 278
402 285
419 305
300 322
300 348
300 373
300 400
272 417
285 421
300 425
314 421
327 417
218 332
232 323
249 324
263 334
248 337
231 337
340 335
355 325
372 323
387 332
374 338
357 338
244 459
266 452
283 448
298 452
314 448
331 453
353 461
332 472
314 475
298 476
283 474
265 470
254 461
283 458
298 459
314 458
344 462
313 458
298 459
283 457
