130 307
134 352
141 396
152 437
168 475
194 508
226 536
263 558
300 565
338 557
373 534
403 504
428 470
442 432
449 390
454 347
458 305
164 283
186 265
215 262
245 269
272 280
316 278
343 267
371 263
400 266
421 281
296 307
297 338
299 369
299 400
265 417
282 421
299 425
315 420
330 416
196 311
215 303
235 303
254 317
233 318
213 317
335 318
353 304
372 303
391 312
375 318
354 319
222 449
252 449
280 447
299 450
316 446
343 448
371 447
345 480
319 496
300 498
279 497
252 483
230 453
279 454
298 456
317 453
363 451
318 477
299 480
280 478
