170 329
171 364
175 399
181 433
193 463
212 490
237 513
268 530
302 534
337 528
368 510
394 488
415 462
424 431
429 399
433 367
435 334
191 307
206 290
231 286
254 290
277 299
320 299
345 290
370 287
393 291
408 308
300 329
299 353
300 375
300 400
273 410
286 414
299 420
313 415
325 410
221 332
235 324
251 325
263 334
249 335
234 335
333 334
346 325
361 325
374 332
362 336
347 336
246 444
265 437
284 433
299 437
315 433
333 436
351 442
335 464
317 475
300 477
283 476
264 467
252 446
284 444
299 446
315 444
344 444
316 457
300 459
283 457
