139 306
138 348
141 392
151 434
166 472
192 508
220 537
252 559
290 567
326 561
357 536
383 505
406 472
422 437
433 398
440 361
444 322
173 278
195 259
224 259
251 265
277 278
327 273
353 263
380 261
405 268
421 286
302 306
301 337
300 367
300 400
259 413
277 418
296 423
315 418
332 414
202 309
219 300
239 302
255 315
237 315
218 313
342 315
359 304
377 303
392 313
377 316
359 316
218 448
248 446
276 443
294 447
314 443
338 447
361 449
336 480
313 492
292 495
273 492
245 478
225 452
275 452
293 454
313 451
354 452
314 473
292 476
274 473
