119 307
124 351
131 394
140 436
155 475
181 507
215 533
251 552
290 559
329 553
361 531
386 502
407 468
417 430
424 391
429 350
432 311
158 281
177 260
207 254
236 258
265 268
322 269
348 260
375 257
399 265
414 286
295 307
297 338
299 369
300 400
261 415
279 419
298 424
314 419
330 414
190 312
208 302
230 302
249 317
229 319
207 319
332 317
349 303
370 302
386 312
371 319
352 320
227 458
254 449
277 445
295 449
314 443
333 449
354 456
332 467
314 473
294 475
275 474
253 469
237 459
276 455
295 457
313 455
346 456
313 456
294 458
276 458
