149 330
152 368
159 406
165 443
177 479
200 510
229 534
262 555
301 562
338 559
368 541
392 515
408 485
420 450
426 415
432 378
434 340
180 286
202 273
228 271
252 279
276 292
317 292
341 279
367 274
394 275
413 292
296 322
297 348
298 374
300 400
270 421
285 424
300 428
313 424
325 419
208 326
224 319
243 319
259 332
241 335
222 334
331 332
348 320
367 319
384 328
369 334
349 335
244 468
266 458
285 451
301 455
315 449
334 455
356 465
338 485
320 493
304 495
287 494
267 486
255 470
285 470
301 470
315 469
348 467
317 470
303 471
287 471
