186 325
187 360
191 397
198 433
210 468
228 496
250 522
274 538
304 544
335 537
363 522
386 499
405 474
415 442
419 407
422 371
422 333
206 299
220 281
240 277
262 282
283 292
306 290
328 281
351 275
374 280
390 300
295 314
294 340
293 364
292 390
270 402
282 408
295 413
309 408
323 402
229 320
240 313
253 313
267 322
253 323
240 323
328 321
340 311
353 311
365 318
354 321
340 321
252 441
271 438
286 434
298 437
310 434
328 436
351 438
329 453
313 459
300 460
286 459
271 452
259 442
286 443
298 444
311 442
343 441
311 443
299 445
286 444
