171 300
172 337
179 374
184 411
193 448
211 480
235 508
263 530
299 534
336 530
370 510
397 484
419 454
430 417
436 378
442 340
447 303
189 286
205 269
231 267
255 272
278 282
324 279
348 269
374 266
399 269
418 283
301 313
300 342
300 370
300 400
270 405
284 412
299 419
316 413
330 407
215 313
231 306
249 307
264 319
246 321
229 319
343 320
357 308
375 307
390 314
376 321
359 322
253 441
271 436
287 434
300 438
315 435
332 438
356 442
332 455
314 461
299 461
284 459
270 453
260 443
286 445
299 447
315 445
348 444
314 445
300 448
285 445
