184 313
186 347
191 382
197 415
207 447
224 474
245 495
269 511
298 515
327 508
351 489
373 466
390 440
400 409
405 376
409 343
412 310
205 293
222 279
243 278
263 285
282 295
314 294
334 285
353 278
374 277
390 290
298 315
299 340
299 364
300 389
275 399
287 403
299 407
311 401
322 397
229 319
241 311
256 312
267 322
254 323
241 324
328 321
339 311
354 310
365 317
354 321
342 323
250 428
269 427
287 426
300 429
313 425
328 425
346 423
329 445
314 457
300 460
285 459
268 449
255 431
286 432
300 433
313 430
340 426
314 444
300 448
286 446
