140 326
145 367
154 408
163 448
174 486
196 523
224 554
261 574
303 580
346 574
381 553
409 523
428 487
439 449
446 409
452 370
455 331
169 294
190 276
219 271
249 276
278 288
319 288
348 277
378 273
406 279
428 298
299 317
299 344
300 371
300 399
273 423
287 428
301 431
315 427
329 422
205 322
221 312
241 312
258 326
239 329
219 328
343 326
360 315
379 314
396 324
381 330
361 330
250 482
267 466
287 456
302 462
316 456
335 465
355 480
336 494
318 501
303 503
286 502
268 495
259 482
287 478
302 479
316 478
346 480
316 479
302 481
287 480
