160 302
164 341
170 379
177 418
189 454
210 486
236 514
266 535
300 542
335 538
366 517
393 490
414 459
428 423
437 384
442 345
445 305
187 286
206 273
231 272
253 279
276 291
327 290
348 278
372 272
396 273
416 287
300 320
300 346
300 373
300 400
270 405
284 411
299 417
315 412
328 406
217 319
232 313
248 314
261 324
246 327
230 325
340 325
352 314
369 312
384 319
371 325
354 326
241 440
263 434
283 432
298 435
314 432
335 436
356 442
335 469
315 480
298 481
282 478
261 465
250 443
283 444
299 446
315 445
349 445
315 459
299 461
283 458
