144 315
151 355
160 393
170 430
185 465
209 494
237 518
269 538
304 542
338 536
366 514
391 488
411 458
422 425
429 388
436 350
440 312
176 287
197 271
224 269
249 274
274 285
320 285
343 273
368 267
394 269
414 284
298 319
299 345
299 372
300 400
271 415
285 420
300 424
314 420
327 415
211 324
227 314
244 315
258 328
242 330
225 330
335 328
349 315
367 314
383 323
369 329
351 330
250 466
269 458
285 452
300 457
313 452
329 459
349 465
331 480
314 488
300 490
285 488
269 481
257 467
285 466
300 468
313 467
341 466
313 467
300 469
285 467
