137 322
142 363
150 404
160 443
176 479
201 509
232 533
265 552
304 556
341 547
372 526
399 500
420 469
433 433
439 395
444 355
446 315
163 292
180 269
208 262
236 266
263 276
331 276
358 265
384 262
410 268
428 288
297 311
298 341
299 370
299 400
266 415
283 419
300 423
316 418
333 414
199 317
216 307
236 308
255 319
236 322
215 322
340 319
358 306
378 306
394 314
380 320
360 320
242 462
263 455
283 452
299 456
315 450
334 455
355 462
334 473
315 479
298 481
281 480
263 474
252 463
282 463
298 464
315 462
346 463
314 462
298 463
282 462
