157 340
161 376
168 411
177 445
189 477
207 508
232 533
264 550
300 556
337 551
367 532
389 507
405 476
416 444
424 411
429 377
430 343
183 309
202 293
228 289
254 294
278 304
316 303
341 292
366 289
391 296
409 311
298 327
298 351
299 374
300 400
271 419
284 423
298 427
311 423
323 420
213 333
229 324
247 325
260 337
245 339
227 339
335 337
350 326
367 327
382 335
369 341
352 340
251 471
266 458
284 451
297 456
310 452
329 460
348 471
330 485
312 492
297 494
283 492
266 484
258 471
283 468
296 470
311 469
339 472
311 472
296 473
283 471
