169 339
172 372
177 407
184 441
196 474
215 501
241 522
269 538
301 544
335 537
362 516
385 492
405 465
417 434
422 401
424 366
424 332
193 309
207 292
230 287
254 288
277 297
316 297
337 285
361 281
385 286
401 304
297 329
298 352
299 375
300 400
273 421
286 423
298 426
311 423
325 420
220 335
234 325
251 324
266 337
251 341
233 341
329 337
343 323
361 322
375 331
363 339
344 339
257 466
272 457
287 452
299 456
310 453
326 459
343 465
327 480
311 487
299 488
287 486
272 477
264 466
287 466
299 468
310 466
335 466
310 467
299 469
288 467
