179 333
178 369
181 406
188 443
201 478
221 507
245 535
271 553
304 561
337 557
368 542
396 518
420 488
437 453
446 415
450 376
452 337
194 299
210 280
233 278
257 285
281 295
323 296
349 286
376 280
401 283
419 301
302 326
301 351
300 374
300 400
273 420
287 425
301 428
316 424
330 420
220 329
234 320
253 320
269 333
252 336
234 336
343 333
359 321
379 322
393 330
379 337
360 337
260 475
277 466
290 458
301 462
314 458
331 466
351 475
333 488
318 493
304 494
290 493
278 488
269 475
290 473
301 474
314 473
342 475
316 476
302 477
291 476
