157 340
160 376
166 413
172 450
183 485
203 515
230 538
262 555
300 558
338 553
368 532
394 508
413 478
424 443
430 409
436 372
440 335
187 310
205 294
230 291
257 295
281 303
319 302
343 293
369 290
395 293
413 309
301 333
301 355
301 377
300 400
270 422
284 426
298 429
313 426
327 423
214 338
230 329
249 329
265 342
248 346
229 346
335 342
351 329
370 328
385 337
372 346
353 347
248 474
266 463
283 456
299 460
313 456
331 464
347 474
331 486
314 492
298 494
282 493
265 486
256 474
284 471
298 472
314 471
339 474
314 472
298 474
283 472
