166 309
168 346
176 386
184 423
196 457
214 489
239 516
270 538
305 544
342 538
374 516
403 489
425 457
436 421
441 382
446 341
446 302
191 291
211 276
237 277
261 285
282 299
313 300
337 288
363 281
389 279
411 292
300 328
300 351
299 376
300 400
274 417
287 420
300 423
313 420
327 417
220 323
233 315
250 318
263 331
247 334
231 332
339 332
350 318
367 316
383 323
369 332
354 334
252 461
271 456
288 451
300 456
313 451
330 455
349 458
332 478
315 486
302 487
287 487
270 480
260 463
288 465
300 466
314 463
342 460
314 464
300 468
288 466
