186 321
190 352
195 382
197 413
204 444
220 473
244 496
271 517
303 523
335 518
365 500
390 478
408 452
417 418
418 384
419 349
420 317
204 293
216 275
237 270
258 273
278 283
307 284
327 273
349 270
372 276
389 292
295 313
296 335
297 357
297 379
276 395
287 400
299 404
311 399
321 395
230 319
241 312
254 312
267 322
254 324
240 323
328 321
340 311
355 309
367 316
356 321
342 322
258 435
272 428
286 425
298 429
310 426
326 430
345 436
328 451
312 458
300 460
286 457
272 449
264 435
286 438
298 440
310 438
339 437
311 440
299 442
287 440
