189 324
193 359
200 394
206 427
216 457
234 483
255 506
279 522
309 524
336 515
361 498
382 474
401 446
410 415
413 381
416 348
417 314
202 302
214 284
234 277
255 278
275 285
312 283
332 273
354 270
374 274
389 288
296 314
295 337
294 360
294 384
275 399
286 403
298 407
310 403
321 400
229 321
240 314
254 314
267 322
254 324
241 324
328 321
340 312
354 312
367 317
355 322
342 323
261 438
276 429
290 422
300 426
312 423
328 429
344 438
328 449
312 458
300 460
289 459
276 452
267 438
289 438
300 440
312 437
337 438
311 438
299 440
288 439
