188 326
190 358
195 387
201 417
212 445
231 468
252 489
277 506
305 509
332 501
355 483
373 460
389 434
398 405
403 375
407 344
408 313
206 299
221 286
242 284
261 287
279 296
312 294
331 287
350 284
370 285
386 295
297 317
298 339
298 361
298 383
277 393
287 396
298 400
309 396
320 392
229 318
242 312
256 313
267 322
254 324
240 323
328 321
340 312
354 311
366 316
354 322
341 323
256 422
271 416
287 415
299 417
312 414
329 416
344 421
330 446
313 457
300 460
286 459
270 448
261 424
287 424
299 424
312 423
339 423
312 441
300 443
286 442
