147 313
149 351
155 389
164 426
179 462
201 495
228 524
260 548
297 555
332 547
362 523
389 496
411 465
424 430
432 393
438 356
438 320
179 294
199 279
226 280
251 286
275 298
313 298
337 286
363 278
391 279
412 293
295 324
297 349
298 375
300 400
270 418
283 422
298 425
311 422
324 418
209 327
224 319
242 319
256 330
241 334
223 334
335 331
350 318
367 318
383 326
369 332
353 333
250 470
267 457
285 451
297 455
310 450
325 458
340 471
325 484
310 492
296 493
283 491
266 483
258 469
285 468
297 469
309 468
332 470
309 469
297 471
285 469
