175 323
177 354
179 386
184 417
195 447
216 472
240 494
268 510
298 512
328 506
353 487
375 464
392 438
401 409
405 379
408 348
410 318
200 299
215 283
237 278
260 282
281 291
315 291
337 282
359 278
380 281
393 296
300 316
300 339
300 363
301 387
273 395
287 399
300 404
313 398
326 393
227 320
241 313
255 314
267 322
254 322
241 322
328 321
340 314
353 313
366 318
355 321
342 322
246 424
265 417
286 417
300 419
316 416
335 417
353 421
335 445
316 457
300 460
284 458
263 447
251 426
286 424
300 425
315 424
347 424
315 444
299 446
284 445
