180 305
183 339
187 372
191 405
200 437
215 466
236 493
263 514
296 519
330 512
357 488
378 461
394 433
402 402
406 368
410 335
412 302
201 295
217 280
238 277
259 280
279 289
316 289
335 280
357 276
378 278
393 291
298 316
297 340
298 364
297 388
275 401
287 404
299 408
311 403
322 397
227 318
240 311
255 311
267 322
253 324
238 324
328 321
340 310
355 308
368 315
356 321
342 322
256 432
271 427
287 423
300 426
312 423
328 425
345 427
329 446
314 457
300 460
286 458
270 449
263 435
287 438
300 439
312 438
338 431
312 438
300 440
287 438
