177 330
178 364
181 397
188 429
201 458
222 482
244 504
271 519
300 521
328 512
352 492
374 467
392 440
403 411
408 378
409 347
410 315
203 299
219 281
241 277
263 282
284 290
313 290
334 279
353 274
374 275
388 289
300 313
300 339
300 363
300 388
270 396
283 400
298 404
312 398
325 393
227 320
241 312
255 313
267 322
253 322
239 322
328 321
340 309
354 308
367 314
355 317
342 319
242 421
263 418
284 417
298 420
314 416
335 415
355 413
336 442
316 456
300 460
283 459
262 447
248 423
283 424
298 426
314 423
348 417
315 443
299 446
284 445
