186 305
186 336
192 369
198 402
207 434
225 462
247 486
273 507
305 512
338 505
364 485
385 459
402 431
411 399
414 367
417 334
416 301
206 294
218 280
238 278
257 280
275 289
313 289
332 281
352 278
372 279
388 289
295 317
296 340
297 363
298 387
272 397
285 401
298 405
311 400
325 396
226 317
239 311
254 313
267 322
252 324
237 323
328 321
340 312
354 310
367 315
357 321
342 323
250 422
267 421
285 420
298 422
313 418
331 419
351 418
333 443
316 456
300 460
285 458
268 447
255 425
285 427
298 429
312 426
346 420
314 442
300 445
285 443
