183 312
186 344
192 376
199 408
210 436
229 460
250 482
274 499
302 506
331 500
357 483
380 461
398 436
409 406
414 373
418 340
420 307
205 295
220 285
240 285
260 289
279 297
312 296
331 286
353 280
375 281
392 295
296 315
296 340
296 365
297 389
274 397
286 402
297 405
310 400
321 397
229 318
241 311
255 311
267 322
254 322
240 321
328 321
341 309
355 308
367 316
356 320
341 321
249 422
267 421
286 420
299 423
313 420
333 420
353 420
334 447
314 458
300 460
284 457
266 445
256 425
286 425
299 427
313 425
348 423
314 444
300 446
285 444
