179 304
182 341
187 379
195 415
208 447
227 475
248 499
273 515
301 517
328 508
353 488
374 461
392 430
404 397
412 363
416 326
418 289
203 289
218 272
238 270
259 276
278 285
315 285
335 276
356 269
377 269
394 282
298 315
299 340
299 364
300 389
272 395
286 400
299 405
313 399
326 395
226 318
240 309
255 310
267 322
253 322
238 322
328 321
340 308
355 305
368 312
357 318
342 320
244 423
267 423
287 421
300 423
313 419
332 420
351 418
332 445
314 457
300 460
285 459
266 448
251 426
286 427
300 429
313 426
345 421
314 443
300 446
286 445
