175 294
177 327
182 361
189 393
199 425
217 454
241 479
267 501
300 507
329 499
352 477
372 453
387 423
396 392
401 359
406 325
407 293
201 294
220 283
243 284
264 290
285 300
313 300
332 289
353 282
375 281
391 293
299 320
301 343
301 368
302 391
277 401
289 403
301 407
312 404
323 400
227 316
241 311
256 311
267 322
254 324
239 324
328 321
340 309
354 308
366 314
356 321
342 323
259 435
273 428
288 422
300 427
311 423
326 428
339 435
326 450
312 457
300 460
287 458
272 450
265 437
287 436
299 438
311 437
332 436
311 437
300 439
287 437
