185 317
186 349
190 383
199 414
211 444
230 471
251 493
274 509
301 515
326 509
347 490
364 466
378 440
388 413
395 383
398 355
399 324
208 295
223 280
243 279
262 284
281 293
316 289
334 281
353 279
370 284
382 298
299 315
300 338
300 361
301 386
274 397
287 401
299 404
313 400
325 397
230 318
242 311
255 312
267 322
254 322
241 321
328 321
339 312
352 311
362 318
352 321
340 321
246 424
267 422
286 420
299 423
313 419
330 422
346 423
330 447
314 457
300 460
286 458
266 447
252 427
286 427
299 428
313 425
341 426
314 443
299 445
287 443
