185 331
187 363
191 395
199 425
210 453
227 478
248 501
275 517
304 522
333 514
358 494
378 469
394 443
403 413
408 381
412 349
414 317
206 301
219 284
240 280
260 285
281 291
312 290
333 283
352 278
374 280
388 293
297 313
296 336
296 358
296 381
271 390
283 393
297 397
309 393
322 388
229 319
242 312
256 312
267 322
254 322
240 322
328 321
339 311
353 310
365 316
354 320
341 321
250 425
267 418
284 415
298 417
312 414
332 416
350 420
333 445
314 458
300 460
285 459
267 448
255 427
284 424
298 425
312 422
345 422
313 443
299 444
285 443
