187 320
190 355
193 391
198 425
208 459
224 486
245 511
270 530
299 535
328 529
351 510
373 486
391 459
400 426
404 392
406 357
406 321
205 287
219 270
239 265
259 268
279 277
313 272
333 262
353 259
372 264
386 281
297 310
299 335
299 358
300 383
277 402
288 404
299 408
310 405
322 401
230 319
242 310
256 311
267 322
255 326
241 325
328 321
338 309
351 307
363 315
353 323
340 323
252 439
272 437
289 434
299 437
311 432
325 436
344 439
325 453
311 458
300 460
287 459
272 453
259 442
288 443
299 445
310 443
339 441
310 444
299 446
288 444
