187 319
190 353
194 385
199 417
208 449
223 477
246 501
274 519
306 525
339 521
369 507
393 485
410 457
418 424
421 389
424 354
425 317
205 292
216 275
235 271
256 277
274 286
309 283
329 273
350 268
372 271
389 286
295 313
295 336
296 358
296 381
273 394
285 399
297 402
310 399
322 396
227 319
239 310
254 311
267 322
253 324
238 323
328 321
340 310
355 308
369 317
357 321
342 323
254 432
269 423
285 420
298 423
310 422
329 425
352 432
331 451
313 459
300 460
285 458
270 450
258 432
286 427
298 429
311 429
346 433
312 445
298 446
285 444
