165 317
167 349
170 382
176 415
189 447
207 476
233 501
264 519
299 524
333 519
360 500
383 474
399 444
408 412
412 380
415 350
416 320
198 295
215 281
238 276
260 281
281 290
313 290
334 281
355 276
377 281
391 297
299 312
300 335
300 357
300 379
278 397
288 401
299 404
310 401
320 398
224 320
237 311
254 313
267 322
253 327
237 327
328 321
341 310
357 311
369 320
358 326
342 326
255 440
272 432
288 426
300 430
311 426
326 433
341 440
326 453
312 459
300 460
287 459
272 454
262 442
288 442
300 443
311 442
335 442
311 442
300 444
288 442
