191 323
194 353
200 384
207 415
217 444
233 470
252 494
276 513
306 519
338 512
367 495
389 471
406 444
412 414
415 382
417 352
418 319
211 297
222 282
240 277
260 280
279 286
311 284
331 276
351 273
372 279
386 292
295 312
296 333
296 355
296 378
276 394
287 398
298 400
309 396
320 393
233 319
244 311
257 312
267 322
255 323
242 323
328 321
339 311
353 310
365 318
353 321
340 323
258 428
271 422
287 419
299 422
312 420
330 423
347 427
331 446
314 458
300 460
286 458
271 448
262 431
287 429
299 431
312 429
342 428
314 442
300 445
287 443
