194 310
195 344
201 377
210 410
221 440
236 468
254 494
276 514
302 520
332 514
358 497
380 474
398 446
409 415
416 381
419 346
420 311
207 283
220 267
239 268
258 274
276 284
314 285
334 276
353 270
374 269
391 282
296 315
297 338
298 362
298 387
275 400
287 404
299 408
311 404
322 400
228 317
241 307
256 309
267 322
254 323
239 322
328 321
339 309
355 307
367 316
356 321
342 323
257 435
274 431
289 427
299 431
311 427
327 431
345 433
328 449
312 458
300 460
288 458
274 451
263 437
288 439
299 442
311 439
338 435
311 441
299 443
288 441
