182 314
186 347
191 381
198 414
208 444
225 471
248 495
274 513
304 519
336 515
364 498
389 474
408 446
418 413
423 377
426 342
428 307
203 292
216 275
237 270
258 277
280 288
310 285
332 274
355 268
377 271
395 287
295 312
295 335
295 358
296 382
274 398
286 402
298 404
311 401
323 399
225 317
237 308
254 310
267 322
253 325
236 325
328 321
341 307
357 306
371 314
360 321
343 323
257 439
274 433
289 427
299 430
311 426
327 431
347 438
327 451
312 458
300 460
289 459
274 453
263 440
289 441
300 442
311 440
340 439
310 441
300 443
289 441
