162 322
166 358
170 392
174 427
182 461
203 489
230 511
261 527
295 532
326 525
354 505
378 481
396 455
406 423
410 388
413 356
416 323
199 293
213 275
235 268
258 270
278 281
320 278
341 269
364 269
383 277
394 295
299 311
300 334
301 356
302 379
274 397
288 401
300 404
312 401
325 396
225 318
239 312
254 313
267 322
252 322
239 321
328 321
341 312
355 311
369 319
356 320
342 321
243 432
265 427
286 423
299 425
313 421
331 425
349 430
331 448
314 456
300 460
285 459
265 449
249 434
286 432
299 433
313 432
343 432
313 442
300 445
285 445
