176 319
180 353
187 385
194 416
204 446
220 471
243 494
269 510
299 513
331 506
357 485
380 460
396 432
404 401
410 369
414 338
418 306
200 299
213 282
233 272
256 273
278 279
315 281
334 273
356 270
375 274
391 286
297 313
298 334
297 354
298 375
279 395
289 398
299 400
308 397
317 393
225 323
237 315
253 315
267 322
253 328
237 329
328 321
340 312
355 309
368 315
357 323
341 325
260 440
274 429
288 423
299 426
311 422
325 426
341 433
327 449
313 457
300 460
288 459
274 454
267 439
288 435
300 436
311 434
334 434
311 440
299 442
288 441
