185 314
188 347
194 378
200 408
210 439
225 467
247 490
274 509
304 515
335 508
364 490
385 466
402 438
410 408
414 375
417 342
417 309
203 297
218 282
238 279
260 283
281 291
309 290
330 281
354 277
377 280
393 295
296 313
297 336
297 359
298 383
274 394
287 397
298 401
311 397
323 393
227 317
240 311
254 312
267 322
253 323
238 322
328 321
342 311
355 310
370 316
358 320
343 321
250 426
265 417
284 414
299 417
313 414
332 417
352 422
334 446
315 457
300 460
283 457
265 446
254 428
284 423
299 425
313 423
346 424
314 441
298 444
284 441
