178 316
183 350
190 382
197 413
208 442
226 467
248 490
273 508
301 513
331 507
356 490
380 464
400 437
412 404
419 370
422 336
422 303
200 292
213 276
235 273
256 279
277 289
314 289
334 278
355 271
377 272
395 284
295 315
296 339
298 362
298 386
273 397
286 400
299 403
311 399
323 396
226 317
240 310
254 311
267 322
253 323
238 321
328 321
340 309
355 308
369 314
357 319
343 320
250 429
270 428
288 425
299 427
312 423
331 425
350 423
333 446
313 457
300 460
287 458
270 452
256 432
287 431
299 432
313 430
343 427
313 442
299 445
287 444
