183 326
186 359
191 392
197 424
207 457
223 483
245 507
271 524
302 527
331 520
358 502
379 476
395 448
404 415
410 383
413 349
413 315
206 292
219 275
240 269
259 272
278 280
317 278
335 270
353 267
372 272
386 287
297 313
297 335
298 357
298 379
279 397
288 400
299 403
309 400
319 396
234 321
244 313
258 314
267 322
256 325
244 326
328 321
337 312
350 311
361 318
351 323
339 324
258 440
275 433
289 428
299 431
308 428
322 432
339 439
323 452
309 459
300 460
289 460
275 453
266 442
289 443
299 443
308 442
333 441
309 441
299 443
289 442
