173 300
175 334
179 369
186 403
196 435
213 465
236 490
264 509
298 515
331 508
356 486
378 459
394 429
404 396
412 364
419 330
422 296
195 285
214 274
237 276
259 282
279 292
317 291
338 281
360 274
383 273
400 284
298 317
297 343
297 369
298 395
273 405
285 409
296 413
309 408
321 403
222 319
236 310
254 311
267 322
251 326
234 326
328 321
342 310
359 309
372 317
360 325
344 325
255 437
272 433
287 428
298 431
309 427
324 430
340 434
325 449
312 457
300 460
287 458
271 451
262 440
287 439
299 440
310 439
331 436
311 439
299 441
287 439
