172 318
174 351
180 384
187 417
199 451
217 480
240 504
269 519
301 523
332 517
356 497
376 472
389 443
398 409
403 375
407 342
408 312
198 296
216 281
240 280
262 286
284 296
314 296
334 285
354 278
376 277
391 292
299 317
300 340
302 365
303 389
277 403
289 407
301 410
312 407
323 403
227 317
240 312
255 312
267 322
254 325
238 324
328 321
340 311
355 310
366 317
356 324
342 325
258 438
274 432
290 426
300 430
310 427
325 433
339 439
325 451
312 458
300 460
288 459
274 452
264 440
289 440
300 441
311 439
333 440
311 440
300 442
289 440
