190 319
189 349
192 379
198 410
207 440
222 468
244 489
270 508
300 513
330 506
356 488
380 469
397 443
406 412
411 381
414 350
414 319
207 288
224 279
243 281
261 287
279 294
313 292
331 283
351 277
371 275
388 282
298 316
299 338
300 359
301 382
277 396
288 400
300 404
312 400
323 395
227 320
239 313
255 314
267 322
254 327
238 327
328 321
341 312
355 311
368 317
357 325
343 326
258 436
275 430
290 424
299 427
309 424
324 430
340 433
325 450
311 458
300 460
289 459
274 453
266 437
289 437
299 437
309 436
332 435
309 440
299 441
289 440
