173 322
173 354
176 385
181 418
191 448
211 476
236 498
267 517
301 521
333 513
358 491
378 466
393 439
402 409
404 378
408 347
409 317
201 305
214 289
236 283
259 285
280 293
316 293
336 282
358 279
378 284
389 301
299 316
299 340
299 365
299 389
271 398
285 402
297 407
311 402
324 397
228 319
240 310
254 311
267 322
253 322
238 323
328 321
340 309
355 308
366 316
356 320
342 322
246 427
265 422
285 420
299 423
314 419
332 422
349 425
332 446
315 457
300 460
283 458
264 448
251 430
284 430
299 431
314 430
341 428
314 440
299 442
284 441
