194 322
196 354
201 386
206 417
215 446
229 473
247 498
270 515
299 521
329 515
350 497
368 476
381 449
389 420
391 388
395 356
395 323
213 288
228 278
245 276
261 279
277 289
319 288
334 279
350 274
367 276
381 287
297 316
298 341
298 365
298 390
277 402
287 405
298 409
309 406
319 403
232 320
242 310
255 311
267 322
254 325
241 325
328 321
339 309
353 308
364 318
354 323
340 324
261 432
276 430
289 428
299 431
308 428
321 431
336 433
322 449
311 458
300 460
288 457
275 449
268 435
288 439
299 440
310 439
329 436
309 439
299 441
288 440
