180 307
183 342
188 376
197 408
209 440
228 468
250 494
275 517
303 523
331 516
356 496
379 471
399 443
410 411
415 378
417 342
420 308
199 296
213 278
235 275
258 279
279 287
314 286
336 278
358 274
379 278
395 292
296 316
296 340
295 365
296 390
273 402
285 406
296 409
309 405
320 402
227 318
240 309
255 310
267 322
254 324
238 324
328 321
340 309
355 308
367 316
357 322
343 323
258 437
273 433
287 429
297 433
308 429
325 433
343 436
327 448
312 458
300 460
288 459
274 452
264 438
287 441
298 443
310 441
336 438
311 440
299 443
288 440
