188 327
189 360
192 393
197 424
208 455
225 481
247 504
272 521
302 526
332 519
359 501
382 478
399 451
410 420
415 389
418 356
419 324
204 290
218 275
238 270
259 273
278 283
316 281
337 271
358 266
379 271
395 285
297 313
296 335
296 356
296 379
276 399
286 402
297 404
308 401
318 396
227 322
238 314
253 313
267 322
252 327
237 327
328 321
342 311
358 310
370 316
359 323
343 323
253 441
272 436
286 432
298 435
310 430
326 432
347 433
328 449
313 457
300 460
288 459
272 455
259 442
287 444
298 444
311 441
340 436
311 442
299 444
287 444
