188 314
191 348
195 381
200 413
210 444
226 471
247 496
273 512
303 519
335 513
360 496
381 471
395 443
404 411
408 378
410 346
411 313
207 292
222 277
242 277
261 282
280 291
312 288
334 280
354 274
375 277
390 292
298 313
299 336
300 358
300 381
277 396
289 399
301 402
311 398
321 395
230 319
242 312
256 313
267 322
255 324
241 324
328 321
339 311
354 310
366 317
355 322
341 323
256 429
273 425
288 421
299 424
308 421
325 424
345 427
327 448
311 458
300 460
289 459
273 449
262 432
289 433
299 434
309 432
338 430
310 441
300 443
289 442
