194 305
196 342
203 377
208 413
217 449
232 480
252 506
275 527
303 531
332 526
357 506
377 479
393 450
400 413
403 376
406 339
408 302
207 292
219 274
239 272
258 277
276 286
312 281
330 271
350 268
370 270
385 284
295 315
296 344
297 371
298 399
275 405
286 412
298 418
311 412
322 406
229 317
241 309
255 311
267 322
253 324
240 323
328 321
339 309
353 308
364 315
354 322
341 322
263 441
277 436
289 433
300 437
311 434
324 436
343 440
325 453
312 459
300 460
288 458
277 452
269 443
289 444
300 445
312 444
337 442
311 444
300 446
288 444
