189 324
190 356
195 389
199 421
209 453
225 481
247 503
272 518
299 523
326 516
348 496
367 470
380 443
387 414
392 385
394 357
395 326
212 300
226 286
243 280
262 284
280 290
315 287
334 280
353 280
369 286
379 301
298 312
299 336
300 360
301 383
277 397
288 401
299 404
310 400
320 396
231 320
243 315
256 314
267 322
255 324
242 324
328 321
338 314
351 314
361 321
351 325
339 325
255 437
272 429
289 424
300 427
312 422
326 425
338 431
325 447
313 457
300 460
287 459
272 452
260 438
289 436
301 437
312 434
333 433
312 441
299 445
288 443
