174 314
176 348
179 383
184 417
196 448
218 472
243 491
272 507
301 509
329 501
353 482
375 459
393 434
401 405
404 372
407 341
408 309
200 291
217 277
238 275
258 279
277 289
323 288
341 278
359 274
378 275
390 286
300 315
300 339
301 363
302 386
276 396
288 400
300 404
311 400
323 395
229 319
242 312
256 313
267 322
254 322
240 322
328 321
339 312
352 310
363 317
353 320
340 321
250 425
268 418
286 416
300 419
313 414
330 416
347 420
332 444
315 456
300 460
285 458
267 449
255 428
286 425
299 426
313 423
341 423
314 440
299 442
285 441
