190 317
191 350
196 383
201 415
210 445
228 471
249 493
273 509
300 514
327 507
349 489
366 465
380 438
389 409
394 376
398 344
400 311
209 296
224 284
243 285
261 290
279 298
317 296
335 285
354 281
373 281
388 293
298 319
298 344
298 369
297 394
275 403
286 407
298 412
309 406
320 402
231 319
243 313
256 313
267 322
255 325
242 324
328 321
339 310
353 309
364 314
354 320
341 321
258 433
274 430
288 427
298 430
310 426
326 427
342 428
327 447
313 458
300 460
287 459
274 450
264 435
287 435
299 436
311 434
336 431
311 440
299 442
288 441
