183 312
188 345
194 378
200 410
210 440
228 467
249 491
275 509
306 514
337 508
363 487
382 463
396 435
402 404
407 372
410 340
411 307
201 293
214 278
236 276
256 280
276 289
318 285
338 274
358 269
379 272
392 287
298 316
299 341
299 364
300 388
275 400
287 405
300 409
312 405
324 400
228 319
241 314
255 314
267 322
254 325
240 324
328 321
340 312
354 311
367 316
356 321
342 322
261 437
275 431
288 429
300 433
312 430
326 433
341 438
327 454
312 459
300 460
288 458
274 450
268 438
288 440
300 441
313 441
334 440
312 441
299 443
287 441
