182 334
184 367
189 399
196 431
204 461
220 488
243 508
271 519
302 522
334 516
362 501
386 479
402 452
411 420
417 388
421 356
423 321
205 293
219 277
239 273
260 277
279 286
314 283
335 274
354 269
375 272
390 286
297 313
297 336
296 358
295 380
275 399
286 402
297 406
308 402
319 398
228 322
240 313
254 313
267 322
254 324
240 325
328 321
340 311
354 310
367 318
355 321
342 322
254 440
273 432
288 425
299 429
310 425
327 429
345 433
327 449
311 457
300 460
288 459
272 453
262 442
288 440
299 439
311 438
338 435
311 440
299 442
288 442
