181 310
183 345
188 379
193 413
201 444
217 472
238 497
266 516
296 521
328 516
354 498
375 472
392 444
402 411
409 376
412 341
415 307
203 292
219 275
240 274
262 278
284 287
314 286
335 276
356 271
377 273
392 289
297 315
298 341
299 366
298 392
272 402
286 406
298 409
311 406
323 401
227 316
241 309
256 311
267 322
254 322
240 321
328 321
340 310
356 308
368 316
357 320
343 322
253 438
269 431
285 427
299 430
314 427
330 431
347 437
332 450
316 458
300 460
284 458
269 451
260 440
284 440
298 442
314 440
341 438
315 441
299 444
285 441
