178 321
180 353
185 385
193 419
205 450
222 480
245 503
273 521
302 525
332 518
357 497
379 471
394 440
402 406
408 373
412 340
412 309
204 293
220 282
240 280
260 285
279 292
315 289
334 281
351 276
370 277
385 287
297 313
298 338
299 362
300 386
281 403
290 407
299 410
308 406
317 403
229 318
242 311
256 312
267 322
254 325
240 325
328 321
338 311
352 310
363 316
353 323
340 324
260 437
277 435
290 432
300 436
310 432
323 435
339 435
323 451
310 458
300 460
290 458
276 452
266 441
290 441
299 442
310 440
333 439
309 441
299 443
290 441
