185 318
187 351
191 384
196 417
207 448
224 475
245 496
270 513
298 516
325 508
350 487
371 463
388 437
399 408
403 377
407 347
409 316
200 304
216 288
237 285
259 290
279 300
313 301
333 291
354 285
375 285
390 298
296 319
296 342
296 364
295 387
272 400
284 402
296 405
308 400
320 397
226 320
239 311
255 312
267 322
253 324
238 325
328 321
339 311
353 311
365 318
354 322
340 322
252 434
269 433
285 430
298 432
310 427
325 427
342 425
326 445
313 456
300 460
287 459
270 452
259 437
286 436
298 437
310 433
336 429
311 443
299 445
287 444
