182 305
186 339
193 372
200 405
209 436
227 463
249 485
273 504
302 509
330 502
352 483
373 461
390 434
399 402
406 369
411 335
414 301
202 289
221 279
241 279
261 284
281 291
313 287
334 279
354 273
376 274
392 285
298 316
298 340
298 364
299 389
276 400
287 405
299 408
311 404
321 400
226 316
240 308
256 309
267 322
254 326
238 325
328 321
340 307
356 305
369 314
358 322
343 324
259 440
274 432
288 427
299 431
312 427
327 432
341 439
327 450
313 458
300 460
287 458
273 451
266 440
287 440
299 442
312 440
335 440
313 441
300 443
287 441
