195 306
198 341
202 378
209 413
218 446
233 476
252 500
277 518
303 522
331 514
355 494
375 467
390 438
400 404
404 370
407 333
408 296
209 292
225 281
245 283
263 290
281 300
309 299
327 286
345 278
366 274
385 282
295 318
294 346
294 375
293 404
274 409
285 414
295 419
308 413
319 407
230 317
242 312
255 312
267 322
254 322
241 322
328 321
339 311
352 309
364 314
353 320
340 321
256 434
273 432
287 430
299 434
311 430
326 430
345 431
328 449
313 458
300 460
286 458
273 451
262 437
287 440
299 443
311 440
337 434
311 440
299 442
287 440
