192 324
194 359
198 394
205 428
214 461
230 490
249 513
273 531
301 535
328 529
350 509
370 484
384 456
392 424
396 391
399 357
400 323
210 300
223 283
241 278
260 281
279 289
315 286
334 278
352 276
370 282
382 299
297 314
297 341
298 366
299 393
276 407
287 410
299 414
310 409
321 404
232 320
244 312
257 313
267 322
255 323
243 322
328 321
339 313
351 312
361 319
351 322
339 323
256 441
274 436
288 434
299 437
310 433
324 435
341 437
325 450
312 458
300 460
288 459
274 453
262 443
288 444
299 445
311 442
335 439
311 442
299 444
289 443
