172 323
174 359
178 395
184 430
197 462
218 487
242 508
270 521
300 526
329 519
353 499
374 473
390 444
400 412
404 377
406 342
408 308
203 292
220 278
241 277
261 281
281 288
315 287
334 278
354 274
372 274
387 287
299 314
301 339
302 363
304 387
279 404
291 406
302 410
314 407
324 403
227 318
240 310
255 311
267 322
254 323
239 322
328 321
340 310
354 308
367 315
356 321
340 323
249 435
271 434
289 432
301 434
313 430
329 434
345 433
328 451
313 458
300 460
287 458
269 452
256 438
289 441
301 443
313 441
339 436
312 443
299 444
288 442
