168 334
170 371
173 407
179 441
190 470
211 494
237 512
267 523
296 524
323 515
347 497
367 474
381 446
390 414
396 382
402 349
406 315
200 302
218 285
242 280
265 283
287 289
318 290
339 281
359 279
378 281
390 295
303 313
304 335
305 358
306 382
276 395
290 399
303 403
315 397
326 393
225 322
239 313
255 313
267 322
253 325
238 326
328 321
341 310
355 310
366 316
356 321
341 322
252 440
271 427
289 420
301 422
315 418
330 423
342 433
329 447
314 456
300 460
286 459
269 454
257 439
288 430
301 430
315 427
336 433
314 440
300 443
287 444
