185 305
188 339
193 372
199 406
206 439
222 469
243 495
269 513
300 517
329 513
354 496
375 473
391 445
399 414
402 380
406 346
406 314
204 295
220 283
241 281
261 288
280 299
315 296
334 285
354 279
376 279
391 296
297 317
298 342
298 368
298 394
275 405
286 409
299 412
310 408
321 404
227 318
240 310
255 311
267 322
253 325
239 323
328 321
340 309
355 308
368 316
357 323
343 323
254 438
271 435
287 431
298 435
309 431
324 434
343 435
326 451
312 458
300 460
287 458
271 451
260 440
286 444
299 445
310 443
337 438
311 443
299 446
287 444
