179 325
181 357
185 390
191 423
202 454
219 481
243 504
271 521
303 524
335 516
360 496
381 471
396 442
405 409
409 375
413 342
413 307
200 287
217 275
238 277
258 283
277 292
315 288
334 278
354 272
374 270
391 279
299 315
300 339
302 363
303 387
278 401
290 406
302 410
313 405
325 401
225 320
239 314
254 314
267 322
253 325
237 325
328 321
341 311
356 310
368 315
357 322
343 324
256 436
275 434
289 430
300 433
311 431
325 434
345 433
327 451
312 459
300 460
288 459
274 453
262 439
289 441
300 442
311 441
338 436
311 440
300 441
288 440
