183 313
186 346
192 379
200 411
211 440
229 468
251 491
275 510
304 516
331 510
355 490
376 467
391 440
399 408
406 377
408 344
408 311
202 298
216 284
237 279
258 284
278 293
314 294
333 284
354 278
375 280
390 294
296 317
297 340
297 361
297 382
275 398
286 403
299 407
311 403
322 399
228 318
240 310
255 311
267 322
254 325
239 325
328 321
339 311
354 310
366 315
356 323
341 324
262 438
277 434
290 429
299 432
308 429
321 434
339 439
323 451
310 458
300 460
290 457
278 451
268 439
290 440
300 442
309 441
332 440
308 442
299 444
290 441
