173 322
175 355
179 387
183 418
192 448
210 474
234 494
262 511
294 517
326 513
353 498
374 475
389 449
400 420
407 390
413 358
416 326
201 284
220 273
242 271
263 278
283 288
318 287
338 276
361 271
384 271
399 285
299 313
299 335
299 357
299 379
273 397
286 400
298 403
310 399
320 394
224 318
238 311
254 311
267 322
251 325
235 325
328 321
343 310
359 309
373 316
361 322
343 324
250 438
268 429
285 423
298 425
311 420
327 425
345 433
329 450
313 457
300 460
285 459
268 453
258 440
284 439
298 439
310 438
338 435
312 438
299 440
286 440
