185 314
188 345
193 377
198 408
208 437
226 464
248 488
272 507
304 512
336 506
364 486
385 461
403 434
412 404
418 372
422 339
424 304
200 303
212 285
234 279
256 282
277 289
314 290
335 281
358 276
381 279
397 294
296 316
297 341
297 366
298 391
271 400
285 404
298 407
312 402
325 398
225 321
238 314
254 313
267 322
253 324
238 325
328 321
343 312
358 310
372 318
359 322
344 322
249 423
265 421
283 420
299 423
316 419
336 420
356 418
339 441
318 456
300 460
282 456
265 444
254 425
282 427
299 429
316 427
351 420
317 440
300 444
282 441
