192 316
194 347
198 377
204 408
213 438
228 465
248 490
272 508
300 513
330 507
355 490
377 467
394 440
403 410
407 378
410 347
409 316
209 295
224 285
242 283
261 289
279 295
313 296
332 286
351 280
372 281
388 293
295 318
295 340
294 362
293 384
279 400
287 401
296 404
304 401
313 398
232 320
243 313
257 313
267 322
255 327
241 328
328 321
338 311
353 310
364 317
354 324
340 326
261 440
276 434
287 429
297 432
308 428
322 432
337 436
323 451
310 458
300 460
288 458
276 452
267 442
288 441
298 442
308 440
332 438
309 442
299 444
288 442
