185 319
187 352
190 387
195 420
206 450
223 477
244 501
270 519
300 524
330 515
358 496
380 470
398 443
407 412
412 380
415 348
417 316
201 307
214 289
236 284
258 288
279 295
315 296
336 288
357 284
378 288
393 301
299 317
298 341
298 365
299 390
273 398
285 401
299 406
311 401
324 397
227 320
240 313
255 313
267 322
254 321
240 322
328 321
341 312
355 312
369 317
355 320
342 321
242 425
264 425
285 423
298 426
313 422
333 423
355 422
334 445
315 457
300 460
285 460
264 451
249 427
285 432
298 433
313 430
348 425
314 442
299 444
285 444
