187 335
188 368
192 402
196 434
204 467
219 496
241 519
268 535
300 540
332 535
360 520
382 497
396 468
402 434
405 400
407 368
407 334
205 293
218 274
239 268
259 271
279 280
315 279
335 268
356 265
377 271
391 290
296 309
297 335
298 359
298 385
276 403
287 407
299 410
310 406
321 402
230 320
241 312
254 312
267 322
254 325
241 325
328 321
340 311
354 309
366 317
356 324
342 324
256 444
274 437
287 433
299 437
312 433
325 437
343 444
327 455
313 458
300 460
288 459
273 454
264 446
288 443
299 444
312 442
336 445
311 442
299 443
288 442
