171 314
174 347
179 381
186 413
197 446
214 475
237 499
265 517
297 522
327 517
353 496
375 472
392 442
402 410
408 378
412 345
413 311
195 294
210 279
232 275
254 278
275 287
319 288
338 278
359 274
381 276
394 290
298 316
299 342
299 368
300 394
277 408
288 411
300 414
311 411
322 407
224 318
237 309
254 310
267 322
253 324
236 324
328 321
340 308
356 307
369 316
358 322
342 323
256 439
273 435
288 431
300 435
311 432
325 435
341 438
326 451
311 458
300 460
287 458
272 451
263 441
287 441
299 443
312 442
334 440
311 442
299 444
287 442
