183 310
187 345
193 380
200 414
210 446
228 475
249 499
275 516
305 518
333 512
359 492
381 465
395 435
402 402
405 368
408 335
408 303
200 289
218 276
239 277
259 284
280 294
312 294
331 284
351 277
371 277
387 289
296 317
297 339
298 361
298 385
278 400
288 405
298 408
309 405
319 401
227 317
239 312
255 313
267 322
253 327
237 326
328 321
339 312
353 310
365 318
355 326
341 327
263 444
275 435
288 430
299 434
310 430
323 434
336 441
324 453
311 459
300 460
287 460
275 456
268 444
287 443
299 444
311 442
331 443
311 442
299 445
287 443
