180 324
183 359
189 395
194 429
202 463
217 491
241 512
268 527
298 531
326 526
350 509
371 486
385 458
394 425
399 390
404 353
406 316
205 294
220 276
241 272
262 276
283 282
315 280
335 271
354 266
374 270
388 288
299 311
300 335
301 358
302 383
278 401
289 404
301 406
311 403
321 400
229 319
242 310
256 310
267 322
255 326
241 325
328 321
340 308
353 307
366 316
355 322
341 323
254 445
273 434
288 428
300 432
311 428
326 433
342 441
326 454
312 458
300 460
287 459
272 455
262 445
287 442
300 443
311 442
335 442
311 442
300 443
288 442
