177 319
182 353
187 387
195 420
205 452
221 479
244 502
270 518
301 523
333 517
360 500
383 477
401 451
409 418
414 384
417 347
417 313
204 294
220 280
240 276
261 281
281 288
311 286
331 277
352 272
373 273
389 286
297 314
298 337
298 358
298 381
276 397
288 401
300 405
312 401
324 396
228 320
240 312
255 312
267 322
253 326
239 326
328 321
339 309
354 307
366 314
355 322
341 323
259 439
274 432
288 427
299 430
310 427
324 432
342 437
325 452
310 459
300 460
288 458
274 451
265 440
289 438
299 439
310 438
336 439
311 444
300 445
288 444
