194 329
196 364
202 398
209 431
218 463
234 491
254 513
277 526
304 529
331 522
354 505
374 483
388 456
396 425
400 393
404 359
406 326
209 292
222 273
241 267
260 270
279 280
314 277
332 267
352 263
372 269
385 288
296 312
297 337
297 360
297 385
277 403
287 406
298 409
309 405
320 401
233 321
243 311
256 311
267 322
255 324
242 324
328 321
339 310
351 309
362 318
352 322
340 322
261 445
276 435
288 429
299 433
309 428
323 433
339 440
324 451
311 458
300 460
289 460
276 456
267 445
289 443
299 444
309 441
334 441
310 441
299 444
289 443
