187 326
188 357
193 390
197 421
204 452
220 480
242 502
269 516
300 521
330 511
356 492
378 468
392 441
400 410
404 378
408 348
409 316
205 305
218 288
238 283
259 288
277 296
316 293
334 284
354 281
373 284
385 299
297 316
296 338
297 360
298 383
274 398
286 401
297 404
309 400
321 397
229 321
241 314
255 313
267 322
255 325
241 325
328 321
340 312
353 312
364 318
353 322
340 322
257 435
275 429
290 425
300 427
312 423
326 426
341 429
327 446
313 457
300 460
288 459
274 452
264 437
290 436
300 437
312 435
334 431
312 438
300 441
289 440
