186 327
190 360
197 394
204 424
213 455
229 481
251 504
276 521
304 526
334 523
362 507
388 485
406 459
414 427
418 392
420 357
420 322
204 296
216 279
237 276
258 279
279 286
314 286
333 275
353 271
374 273
389 289
295 313
296 336
297 357
298 379
277 395
289 399
299 404
311 400
321 396
231 320
241 312
255 312
267 322
255 325
241 326
328 321
340 310
354 310
366 317
356 324
342 324
257 435
272 428
287 423
299 427
312 424
326 429
344 436
327 453
312 458
300 460
287 457
272 451
262 436
287 432
298 434
311 433
339 438
312 445
299 446
287 444
