180 321
182 353
186 385
192 417
202 448
219 475
242 498
270 516
302 520
333 513
358 495
380 471
395 443
404 413
409 381
413 348
414 315
202 290
216 277
236 278
257 283
277 291
315 289
333 280
352 275
372 274
390 285
299 315
300 338
302 360
303 383
277 394
289 398
302 402
314 399
325 395
226 318
240 312
255 313
267 322
254 324
239 324
328 321
341 312
355 311
368 317
356 322
343 324
252 423
270 420
287 419
300 422
312 420
328 422
347 426
330 448
314 458
300 460
286 457
269 447
258 427
287 429
299 431
313 430
340 428
313 439
299 441
287 438
