189 306
194 337
201 368
208 398
217 429
232 457
252 481
275 500
303 505
331 499
356 481
380 459
396 431
404 399
409 368
414 336
417 303
201 290
217 277
239 277
260 281
281 290
312 289
334 279
356 273
380 275
398 288
295 316
295 340
295 365
294 388
276 400
285 404
296 406
307 403
317 400
227 316
240 308
255 309
267 322
253 325
238 324
328 321
340 307
356 305
369 312
359 322
343 323
262 439
274 434
288 428
298 432
309 427
323 431
339 436
326 450
311 457
300 460
288 458
275 451
269 440
288 442
298 443
310 441
332 437
310 441
299 443
288 441
