196 309
200 340
207 372
213 403
221 433
234 460
253 482
276 500
303 503
331 498
353 479
371 454
383 425
392 395
397 364
402 334
403 302
211 295
224 282
243 281
261 288
278 298
311 298
329 288
348 282
367 282
382 293
295 320
295 343
294 367
294 390
277 398
286 403
295 407
305 402
315 398
233 317
244 311
257 312
267 322
255 324
241 324
328 321
337 312
351 311
362 317
352 324
339 324
269 437
278 429
288 423
298 427
308 422
320 427
330 433
321 448
310 458
300 460
289 458
279 450
274 438
288 437
298 438
309 436
325 434
309 436
299 439
288 437
