185 301
187 334
193 366
198 397
208 428
224 457
244 484
270 509
304 515
339 510
366 489
388 462
407 435
415 402
419 369
421 334
421 299
199 293
213 279
234 277
255 279
274 289
312 289
333 280
356 274
378 277
397 289
294 315
295 340
295 365
295 389
272 400
284 404
297 409
310 404
323 400
225 316
239 309
254 311
267 322
252 323
237 323
328 321
341 309
357 308
371 314
359 320
343 323
249 427
266 424
284 423
298 426
312 422
332 425
355 425
335 447
315 457
300 460
285 457
267 447
258 430
284 433
298 434
313 433
347 428
314 440
299 442
284 439
