185 319
185 350
189 383
195 415
206 446
226 472
250 495
275 515
306 521
335 516
364 499
388 478
408 454
417 423
422 392
424 360
425 327
206 298
220 286
239 284
259 289
277 297
312 296
332 289
354 285
376 290
393 303
295 317
294 340
294 363
294 386
273 394
284 399
297 403
309 399
321 395
228 318
240 312
254 313
267 322
253 322
240 321
328 321
340 312
353 312
367 318
355 321
341 321
246 421
264 420
282 418
298 421
314 418
337 420
359 421
339 446
316 457
300 460
283 457
263 446
251 424
282 425
298 427
314 424
353 424
315 444
299 446
283 444
