182 321
183 353
187 385
193 417
202 446
219 471
242 493
270 510
302 513
334 508
361 490
384 468
403 443
410 413
414 382
418 351
420 319
200 297
215 281
237 276
258 279
278 287
317 286
339 277
360 273
381 277
395 292
299 315
299 338
299 360
299 383
276 395
287 399
299 404
311 398
322 394
229 321
241 313
255 313
267 322
254 324
240 324
328 321
339 311
354 310
365 317
355 321
341 322
252 429
270 421
286 417
300 420
313 416
330 419
346 424
332 445
315 457
300 460
285 459
269 449
258 431
286 428
299 429
313 426
340 426
314 440
300 442
286 440
