198 332
200 364
205 394
210 423
220 453
234 479
252 500
274 514
298 516
322 509
342 493
360 471
374 446
384 418
388 387
393 358
395 328
214 300
226 283
245 278
264 281
281 290
314 287
332 278
350 276
368 281
380 297
298 315
297 337
298 360
298 383
275 394
286 397
297 401
309 396
320 392
237 321
247 314
259 314
267 322
258 323
247 323
328 321
337 313
348 313
357 320
348 321
338 322
259 430
272 417
287 412
299 415
311 412
327 415
340 424
327 446
312 457
300 460
287 459
272 450
262 430
288 425
299 425
311 423
335 426
312 441
299 445
287 443
