190 313
191 346
197 377
202 409
211 439
225 465
243 488
267 507
296 512
324 505
348 486
367 461
382 434
391 402
397 370
402 339
404 306
210 294
223 280
242 277
260 280
278 288
316 285
334 278
351 273
369 276
383 288
298 314
298 339
298 363
298 388
276 400
286 405
297 408
308 404
319 400
231 319
242 313
256 314
267 322
254 325
241 326
328 321
339 312
352 309
363 316
354 323
340 324
256 437
272 432
287 428
299 432
310 427
323 429
339 434
325 449
311 458
300 460
286 459
272 452
263 439
286 441
298 442
310 440
332 436
311 440
299 443
287 441
