188 327
188 359
192 391
198 424
208 454
225 480
246 501
272 517
299 522
325 514
347 495
364 469
379 442
387 413
393 383
396 353
396 323
211 297
225 283
243 280
262 283
280 290
317 288
334 281
351 279
368 284
380 298
300 314
301 337
301 360
303 384
277 396
289 399
301 403
312 399
323 394
233 320
245 313
257 314
267 322
256 323
244 322
328 321
339 313
350 313
361 320
351 321
339 322
248 428
268 423
287 420
300 423
312 420
328 421
344 425
328 447
313 458
300 460
286 459
267 450
252 430
287 428
300 429
312 428
338 427
312 443
300 445
286 444
