182 325
182 356
185 388
191 421
200 452
218 479
241 501
271 518
302 523
334 514
361 493
384 468
400 441
408 412
412 381
416 351
417 321
202 296
217 282
239 279
261 282
282 289
313 286
335 280
356 277
376 280
391 294
297 315
298 338
298 361
298 383
276 399
287 403
297 407
310 403
321 399
227 319
239 311
255 312
267 322
253 323
238 323
328 321
340 311
355 310
368 318
357 323
342 324
255 437
273 430
289 425
300 428
310 425
326 430
344 436
326 450
311 458
300 460
288 459
272 451
262 439
290 441
300 441
311 440
336 438
310 441
299 443
289 442
