185 319
188 355
192 389
196 422
206 454
223 481
244 503
269 520
298 524
326 520
351 504
373 483
390 458
399 426
405 393
409 359
412 324
210 293
223 277
242 273
261 275
280 284
316 281
336 272
356 270
376 275
391 292
296 313
296 336
297 358
298 381
277 396
287 401
298 406
309 400
318 397
233 320
244 314
257 314
267 322
257 324
244 324
328 321
338 313
350 312
361 317
352 321
340 321
257 439
273 430
288 425
299 427
310 425
325 428
341 436
326 452
312 459
300 460
288 459
273 454
265 440
288 437
299 438
310 437
334 438
311 441
299 442
288 442
