190 317
191 349
194 384
199 416
208 448
223 475
244 498
270 514
299 518
326 510
351 491
371 467
386 439
396 407
402 375
407 342
409 309
208 290
221 276
241 272
260 276
279 283
316 281
334 273
353 269
371 272
385 284
299 313
299 340
299 365
300 392
274 400
287 405
300 409
311 403
323 399
228 317
240 309
255 311
267 322
253 323
238 322
328 321
339 309
353 308
366 316
354 321
341 322
250 430
268 425
285 422
299 425
312 421
329 423
345 426
330 447
314 458
300 460
285 459
268 450
256 431
285 432
299 433
312 430
339 429
313 442
299 445
286 444
