197 322
198 352
203 385
208 416
217 447
231 475
248 497
272 511
298 515
325 509
350 493
372 471
387 444
396 413
401 382
405 351
407 320
212 293
225 280
244 276
262 279
281 286
312 286
331 278
349 273
367 274
382 285
299 315
299 338
300 361
301 385
281 401
290 405
301 408
310 405
318 402
232 320
244 311
256 312
267 322
255 325
243 325
328 321
339 310
352 309
362 316
352 322
340 323
266 444
278 436
290 429
300 432
309 430
322 435
334 443
322 452
310 458
300 460
289 459
278 454
271 444
290 442
300 444
310 442
329 443
309 444
299 446
289 444
