191 329
192 360
197 391
205 420
216 449
233 473
252 495
275 509
303 514
332 509
356 494
378 475
397 450
410 420
416 388
419 355
419 323
206 295
218 280
236 278
256 283
275 291
311 290
332 282
354 276
374 279
390 294
294 316
294 336
293 357
294 378
273 395
284 398
296 401
309 397
320 394
227 320
238 312
254 312
267 322
254 326
238 326
328 321
342 311
358 311
370 318
358 323
343 323
261 440
274 429
287 422
298 425
310 420
325 426
338 437
326 449
312 458
300 460
287 459
275 454
269 440
287 437
298 437
309 435
332 436
311 440
299 442
288 441
