183 325
186 360
192 393
199 426
210 457
228 483
251 503
275 519
303 522
330 515
353 496
373 473
389 446
396 415
400 381
403 347
403 313
200 297
212 278
232 273
252 276
271 285
323 284
341 275
360 271
378 275
390 293
296 315
297 341
299 365
299 390
275 404
287 407
300 410
311 406
323 402
226 320
238 313
252 313
267 322
252 324
238 325
328 321
342 311
356 309
367 317
357 323
342 323
258 443
273 438
287 434
299 438
310 433
324 437
340 442
325 453
311 458
300 460
287 459
273 454
265 444
288 444
300 445
311 443
333 443
310 443
299 445
287 444
