189 304
191 337
198 372
205 404
214 435
229 463
250 486
274 505
302 510
332 504
358 484
381 460
398 431
406 399
410 364
414 328
414 293
209 287
225 274
246 274
265 281
282 293
307 294
326 282
347 275
368 274
386 285
296 318
297 339
296 361
297 382
277 398
287 400
297 403
308 399
319 397
232 315
243 308
257 311
267 322
254 325
242 323
328 321
337 309
350 307
363 313
352 321
340 323
259 437
275 433
288 428
298 432
308 427
321 431
337 433
324 451
310 458
300 460
288 460
274 454
266 439
288 440
298 441
309 438
331 435
309 439
298 443
288 441
