183 327
186 359
193 390
200 420
211 447
226 474
247 495
274 510
304 514
334 509
358 492
375 469
388 442
396 413
402 384
406 354
406 324
203 300
218 285
240 281
261 285
281 294
312 291
332 282
353 278
373 283
388 297
297 313
298 334
300 354
300 377
277 395
288 398
299 400
310 397
320 394
228 320
241 312
255 312
267 322
255 325
240 325
328 321
340 311
354 311
366 318
356 324
342 324
261 440
274 429
288 423
299 427
310 423
325 429
341 439
326 452
312 458
300 460
288 458
274 451
268 441
288 437
299 439
310 438
334 439
311 440
299 442
288 440
